T:20 dt0.0033333333 h-step-xy:0.1
0 0 0 0 0 0 0 0 0 0 0 
0 5.51846755703917e-167 1.0496749060171e-166 1.44475356301422e-166 1.69840967507352e-166 1.7858136146206e-166 1.69840967507352e-166 1.44475356301422e-166 1.0496749060171e-166 5.51846755703917e-167 0 
0 1.0496749060171e-166 1.99660031871813e-166 2.74808458109062e-166 3.23056717763481e-166 3.39681935014704e-166 3.23056717763481e-166 2.74808458109062e-166 1.99660031871813e-166 1.0496749060171e-166 0 
0 1.44475356301422e-166 2.74808458109062e-166 3.78241393333873e-166 4.44649425616414e-166 4.67532074064903e-166 4.44649425616414e-166 3.78241393333873e-166 2.74808458109062e-166 1.44475356301422e-166 0 
0 1.69840967507352e-166 3.23056717763481e-166 4.44649425616414e-166 5.22716749635295e-166 5.49616916218124e-166 5.22716749635295e-166 4.44649425616414e-166 3.23056717763481e-166 1.69840967507352e-166 0 
0 1.7858136146206e-166 3.39681935014704e-166 4.67532074064903e-166 5.49616916218124e-166 5.77901425205686e-166 5.49616916218124e-166 4.67532074064903e-166 3.39681935014704e-166 1.7858136146206e-166 0 
0 1.69840967507352e-166 3.23056717763481e-166 4.44649425616414e-166 5.22716749635295e-166 5.49616916218124e-166 5.22716749635295e-166 4.44649425616414e-166 3.23056717763481e-166 1.69840967507352e-166 0 
0 1.44475356301422e-166 2.74808458109062e-166 3.78241393333873e-166 4.44649425616414e-166 4.67532074064903e-166 4.44649425616414e-166 3.78241393333873e-166 2.74808458109062e-166 1.44475356301422e-166 0 
0 1.0496749060171e-166 1.99660031871813e-166 2.74808458109062e-166 3.23056717763481e-166 3.39681935014704e-166 3.23056717763481e-166 2.74808458109062e-166 1.99660031871813e-166 1.0496749060171e-166 0 
0 5.51846755703917e-167 1.0496749060171e-166 1.44475356301422e-166 1.69840967507352e-166 1.7858136146206e-166 1.69840967507352e-166 1.44475356301422e-166 1.0496749060171e-166 5.51846755703917e-167 0 
0 0 0 0 0 0 0 0 0 0 0 
