T:0.01 dt0.0033333333 h-step-xy:0.1
0 0 0 0 0 0 0 0 0 0 0 
0 0.00514912982537188 0.0130420941256193 0.0246178578430359 0.0365328680770102 0.0418105487082953 0.0365328680770102 0.0246178578430359 0.0130420941256193 0.00514912982537187 0 
0 0.0130420941256193 0.0338246698198844 0.0653909460089196 0.0986566858785154 0.113567401283449 0.0986566858785154 0.0653909460089196 0.0338246698198844 0.0130420941256193 0 
0 0.0246178578430359 0.0653909460089196 0.129423876307804 0.198394601957241 0.229645923877968 0.198394601957241 0.129423876307804 0.0653909460089195 0.0246178578430359 0 
0 0.0365328680770102 0.0986566858785154 0.198394601957241 0.307352167401171 0.357064826163291 0.307352167401171 0.198394601957241 0.0986566858785153 0.0365328680770102 0 
0 0.0418105487082953 0.113567401283449 0.229645923877968 0.357064826163291 0.415336697538302 0.357064826163291 0.229645923877968 0.113567401283449 0.0418105487082953 0 
0 0.0365328680770102 0.0986566858785154 0.198394601957241 0.307352167401171 0.357064826163291 0.307352167401171 0.198394601957241 0.0986566858785153 0.0365328680770102 0 
0 0.0246178578430359 0.0653909460089195 0.129423876307804 0.198394601957241 0.229645923877968 0.198394601957241 0.129423876307804 0.0653909460089195 0.0246178578430359 0 
0 0.0130420941256193 0.0338246698198844 0.0653909460089195 0.0986566858785153 0.113567401283449 0.0986566858785153 0.0653909460089195 0.0338246698198843 0.0130420941256193 0 
0 0.00514912982537187 0.0130420941256193 0.0246178578430359 0.0365328680770102 0.0418105487082953 0.0365328680770102 0.0246178578430358 0.0130420941256193 0.00514912982537187 0 
0 0 0 0 0 0 0 0 0 0 0 
