T:1 dt0.01 h-step-xy:0.01
0 0 0 0 0 0 0 0 0 0 0 0 0 0 0 0 0 0 0 0 0 0 0 0 0 0 0 0 0 0 0 0 0 0 0 0 0 0 0 0 0 0 0 0 0 0 0 0 0 0 0 0 0 0 0 0 0 0 0 0 0 0 0 0 0 0 0 0 0 0 0 0 0 0 0 0 0 0 0 0 0 0 0 0 0 0 0 0 0 0 0 0 0 0 0 0 0 0 0 0 0 
0 4.5893860857645e-12 9.17424300154565e-12 1.37500460471041e-11 1.83122794572771e-11 2.28564408584942e-11 2.73780457120755e-11 3.18726317399304e-11 3.63357633282875e-11 4.07630359051095e-11 4.51500802868741e-11 4.94925669904308e-11 5.3786210505678e-11 5.80267735248439e-11 6.22100711241981e-11 6.63319748940657e-11 7.03884170130691e-11 7.43753942625773e-11 7.82889719773984e-11 8.212528792882e-11 8.5880556136162e-11 8.95510706030828e-11 9.31332089749502e-11 9.66234361136678e-11 1.0001830758643e-10 1.03314473064961e-10 1.06508679631885e-10 1.0959777499096e-10 1.12578710578019e-10 1.1544854456953e-10 1.18204444785823e-10 1.20843691486108e-10 1.23363680052531e-10 1.25761923560621e-10 1.28036055233577e-10 1.30183830777997e-10 1.32203130598724e-10 1.34091961890628e-10 1.35848460605264e-10 1.37470893290467e-10 1.38957658801054e-10 1.40307289878965e-10 1.41518454601271e-10 1.42589957694615e-10 1.43520741714808e-10 1.44309888090398e-10 1.44956618029188e-10 1.45460293286806e-10 1.45820416796585e-10 1.46036633160098e-10 1.46108728997898e-10 1.46036633160098e-10 1.45820416796585e-10 1.45460293286806e-10 1.44956618029188e-10 1.44309888090399e-10 1.43520741714808e-10 1.42589957694615e-10 1.4151845460127e-10 1.40307289878965e-10 1.38957658801054e-10 1.37470893290467e-10 1.35848460605264e-10 1.34091961890628e-10 1.32203130598724e-10 1.30183830777997e-10 1.28036055233577e-10 1.25761923560621e-10 1.23363680052531e-10 1.20843691486108e-10 1.18204444785823e-10 1.1544854456953e-10 1.12578710578019e-10 1.0959777499096e-10 1.06508679631885e-10 1.03314473064961e-10 1.0001830758643e-10 9.66234361136678e-11 9.31332089749502e-11 8.95510706030828e-11 8.5880556136162e-11 8.212528792882e-11 7.82889719773984e-11 7.43753942625773e-11 7.03884170130692e-11 6.63319748940657e-11 6.22100711241981e-11 5.80267735248439e-11 5.3786210505678e-11 4.94925669904308e-11 4.51500802868741e-11 4.07630359051095e-11 3.63357633282876e-11 3.18726317399304e-11 2.73780457120755e-11 2.28564408584942e-11 1.83122794572772e-11 1.37500460471041e-11 9.17424300154566e-12 4.58938608576451e-12 0 
0 9.17424300154565e-12 1.83394321328686e-11 2.74865224588228e-11 3.66064869055982e-11 4.56903251693526e-11 5.47290725984246e-11 6.3713809040363e-11 7.26356676450399e-11 8.14858436151617e-11 9.02556028955404e-11 9.89362907925521e-11 1.07519340515275e-10 1.15996281629876e-10 1.2435874841891e-10 1.32598488137267e-10 1.40707369156643e-10 1.48677388990468e-10 1.56500682191397e-10 1.6416952811356e-10 1.71676358531903e-10 1.79013765111112e-10 1.86174506716751e-10 1.9315151656138e-10 1.99937909178629e-10 2.06526987218315e-10 2.12912248055921e-10 2.19087390209904e-10 2.25046319560491e-10 2.30783155363842e-10 2.36292236055638e-10 2.41568124838354e-10 2.46605615046728e-10 2.51399735286108e-10 2.55945754338618e-10 2.60239185832301e-10 2.64275792668625e-10 2.68051591203989e-10 2.71562855181095e-10 2.74806119406318e-10 2.77778183169432e-10 2.80476113402324e-10 2.8289724757358e-10 2.85039196316079e-10 2.86899845785013e-10 2.88477359743996e-10 2.89770181377205e-10 2.90777034825773e-10 2.91496926446904e-10 2.91929145794483e-10 2.92073266320196e-10 2.91929145794483e-10 2.91496926446904e-10 2.90777034825773e-10 2.89770181377205e-10 2.88477359743996e-10 2.86899845785013e-10 2.85039196316079e-10 2.8289724757358e-10 2.80476113402324e-10 2.77778183169432e-10 2.74806119406318e-10 2.71562855181095e-10 2.68051591203989e-10 2.64275792668625e-10 2.60239185832301e-10 2.55945754338618e-10 2.51399735286108e-10 2.46605615046728e-10 2.41568124838354e-10 2.36292236055638e-10 2.30783155363842e-10 2.25046319560491e-10 2.19087390209904e-10 2.12912248055921e-10 2.06526987218315e-10 1.99937909178629e-10 1.9315151656138e-10 1.86174506716751e-10 1.79013765111112e-10 1.71676358531903e-10 1.6416952811356e-10 1.56500682191397e-10 1.48677388990468e-10 1.40707369156643e-10 1.32598488137267e-10 1.2435874841891e-10 1.15996281629876e-10 1.07519340515275e-10 9.89362907925521e-11 9.02556028955404e-11 8.14858436151617e-11 7.263566764504e-11 6.3713809040363e-11 5.47290725984247e-11 4.56903251693526e-11 3.66064869055983e-11 2.74865224588228e-11 1.83394321328686e-11 9.17424300154566e-12 0 
0 1.37500460471041e-11 2.74865224588228e-11 4.11958729913627e-11 5.48645681708983e-11 6.84791186455287e-11 8.20260884976401e-11 9.54921085035341e-11 1.08863889327237e-10 1.22128234635471e-10 1.3527205412084e-10 1.48282376420384e-10 1.6114636191675e-10 1.7385131540934e-10 1.86384698642945e-10 1.98734142681487e-10 2.10887460114666e-10 2.22832657085463e-10 2.34557945126629e-10 2.4605175279448e-10 2.57302737088511e-10 2.68299794645571e-10 2.79032072697542e-10 2.89488979781712e-10 2.99660196193265e-10 3.09535684169589e-10 3.19105697796334e-10 3.28360792625452e-10 3.37291834995727e-10 3.45890011046598e-10 3.54146835416374e-10 3.62054159616259e-10 3.69604180071931e-10 3.76789445824725e-10 3.83602865884832e-10 3.90037716229246e-10 3.96087646437566e-10 4.01746685959092e-10 4.07009250005043e-10 4.1187014506006e-10 4.16324574007589e-10 4.20368140864047e-10 4.23996855117132e-10 4.27207135663978e-10 4.29995814345266e-10 4.32360139071819e-10 4.34297776540581e-10 4.35806814537303e-10 4.36885763823671e-10 4.37533559607002e-10 4.37749562591068e-10 4.37533559607002e-10 4.36885763823671e-10 4.35806814537303e-10 4.34297776540581e-10 4.32360139071819e-10 4.29995814345266e-10 4.27207135663978e-10 4.23996855117132e-10 4.20368140864047e-10 4.16324574007588e-10 4.1187014506006e-10 4.07009250005043e-10 4.01746685959092e-10 3.96087646437566e-10 3.90037716229246e-10 3.83602865884832e-10 3.76789445824725e-10 3.69604180071931e-10 3.62054159616259e-10 3.54146835416374e-10 3.45890011046598e-10 3.37291834995727e-10 3.28360792625452e-10 3.19105697796334e-10 3.09535684169589e-10 2.99660196193265e-10 2.89488979781712e-10 2.79032072697542e-10 2.68299794645571e-10 2.57302737088511e-10 2.4605175279448e-10 2.3455794512663e-10 2.22832657085463e-10 2.10887460114666e-10 1.98734142681487e-10 1.86384698642945e-10 1.7385131540934e-10 1.6114636191675e-10 1.48282376420384e-10 1.3527205412084e-10 1.22128234635471e-10 1.08863889327237e-10 9.54921085035342e-11 8.20260884976402e-11 6.84791186455287e-11 5.48645681708983e-11 4.11958729913628e-11 2.74865224588228e-11 1.37500460471041e-11 0 
0 1.83122794572771e-11 3.66064869055982e-11 5.48645681708983e-11 7.30685047312932e-11 9.12003314991858e-11 1.09242154550638e-10 1.27176168784514e-10 1.44984675493965e-10 1.62650099832915e-10 1.80155008160315e-10 1.97482125245038e-10 2.1461435131445e-10 2.31534778929819e-10 2.48226709671918e-10 2.64673670620344e-10 2.80859430610307e-10 2.96768016250828e-10 3.12383727688546e-10 3.2769115410158e-10 3.42675188908148e-10 3.57321044674941e-10 3.71614267710532e-10 3.85540752329427e-10 3.99086754772672e-10 4.12238906771284e-10 4.2498422873912e-10 4.37310142582157e-10 4.4920448411156e-10 4.60655515048258e-10 4.71651934607219e-10 4.8218289064995e-10 4.92237990394256e-10 5.01807310670655e-10 5.10881407715354e-10 5.19451326490097e-10 5.27508609519713e-10 5.35045305238619e-10 5.42053975838058e-10 5.48527704606313e-10 5.54460102754675e-10 5.59845315722397e-10 5.64678028954445e-10 5.6895347314632e-10 5.72667428950784e-10 5.75816231141851e-10 5.78396772231917e-10 5.80406505538479e-10 5.81843447697401e-10 5.82706180620256e-10 5.82993852893809e-10 5.82706180620256e-10 5.81843447697401e-10 5.80406505538479e-10 5.78396772231917e-10 5.75816231141851e-10 5.72667428950784e-10 5.6895347314632e-10 5.64678028954445e-10 5.59845315722397e-10 5.54460102754675e-10 5.48527704606313e-10 5.42053975838057e-10 5.35045305238619e-10 5.27508609519713e-10 5.19451326490097e-10 5.10881407715354e-10 5.01807310670655e-10 4.92237990394256e-10 4.82182890649951e-10 4.71651934607219e-10 4.60655515048258e-10 4.4920448411156e-10 4.37310142582157e-10 4.2498422873912e-10 4.12238906771284e-10 3.99086754772672e-10 3.85540752329427e-10 3.71614267710532e-10 3.57321044674941e-10 3.42675188908148e-10 3.2769115410158e-10 3.12383727688546e-10 2.96768016250828e-10 2.80859430610307e-10 2.64673670620344e-10 2.48226709671918e-10 2.31534778929819e-10 2.1461435131445e-10 1.97482125245038e-10 1.80155008160315e-10 1.62650099832915e-10 1.44984675493965e-10 1.27176168784514e-10 1.09242154550638e-10 9.12003314991859e-11 7.30685047312932e-11 5.48645681708983e-11 3.66064869055983e-11 1.83122794572772e-11 0 
0 2.28564408584942e-11 4.56903251693526e-11 6.84791186455287e-11 9.12003314991858e-11 1.13831540636403e-10 1.3635041178606e-10 1.58734721541069e-10 1.80962379290192e-10 2.03011449018809e-10 2.24860170957113e-10 2.4648698305438e-10 2.67870542258107e-10 2.88989745577027e-10 3.09823750907218e-10 3.30351997600738e-10 3.50554226756506e-10 3.7041050121339e-10 3.89901225225778e-10 4.09007163802213e-10 4.2770946168801e-10 4.45989661973109e-10 4.63829724306825e-10 4.81212042701492e-10 4.98119462907446e-10 5.14535299342203e-10 5.30443351557107e-10 5.45827920225227e-10 5.60673822634689e-10 5.7496640767218e-10 5.88691570281835e-10 6.01835765385216e-10 6.14386021248675e-10 6.26329952284884e-10 6.3765577127592e-10 6.4835230100582e-10 6.5840898529115e-10 6.67815899398678e-10 6.7656375983989e-10 6.84643933532672e-10 6.92048446321121e-10 6.98769990845073e-10 7.04801933751584e-10 7.10138322241251e-10 7.14773889942905e-10 7.18704062110882e-10 7.21924960139749e-10 7.24433405392015e-10 7.26226922335064e-10 7.27303740984207e-10 7.27662798649444e-10 7.27303740984207e-10 7.26226922335064e-10 7.24433405392015e-10 7.21924960139749e-10 7.18704062110883e-10 7.14773889942905e-10 7.10138322241251e-10 7.04801933751584e-10 6.98769990845073e-10 6.92048446321121e-10 6.84643933532672e-10 6.7656375983989e-10 6.67815899398678e-10 6.5840898529115e-10 6.4835230100582e-10 6.3765577127592e-10 6.26329952284884e-10 6.14386021248675e-10 6.01835765385216e-10 5.88691570281835e-10 5.7496640767218e-10 5.60673822634689e-10 5.45827920225227e-10 5.30443351557108e-10 5.14535299342203e-10 4.98119462907446e-10 4.81212042701492e-10 4.63829724306825e-10 4.45989661973109e-10 4.2770946168801e-10 4.09007163802214e-10 3.89901225225778e-10 3.7041050121339e-10 3.50554226756506e-10 3.30351997600738e-10 3.09823750907218e-10 2.88989745577027e-10 2.67870542258107e-10 2.4648698305438e-10 2.24860170957113e-10 2.03011449018809e-10 1.80962379290192e-10 1.58734721541069e-10 1.3635041178606e-10 1.13831540636403e-10 9.12003314991859e-11 6.84791186455287e-11 4.56903251693526e-11 2.28564408584942e-11 0 
0 2.73780457120755e-11 5.47290725984246e-11 8.20260884976401e-11 1.09242154550638e-10 1.3635041178606e-10 1.63324107626833e-10 1.90136622291738e-10 2.16761495065913e-10 2.4317245041439e-10 2.69343423912875e-10 2.95248587970182e-10 3.20862377316958e-10 3.46159514235505e-10 3.71115033505847e-10 3.9570430704338e-10 4.1990306820382e-10 4.43687435731456e-10 4.67033937327057e-10 4.89919532812208e-10 5.12321636867175e-10 5.34218141319894e-10 5.55587436964069e-10 5.76408434884845e-10 5.96660587271022e-10 6.16323907693269e-10 6.3537899082831e-10 6.53807031609639e-10 6.71589843785848e-10 6.88709877868265e-10 7.05150238450177e-10 7.20894700880559e-10 7.35927727275844e-10 7.50234481853939e-10 7.63800845575351e-10 7.76613430076973e-10 7.88659590884786e-10 7.99927439892421e-10 8.10405857093293e-10 8.20084501554698e-10 8.28953821623071e-10 8.37005064350309e-10 8.44230284131879e-10 8.50622350548169e-10 8.56174955401349e-10 8.60882618940803e-10 8.6474069527098e-10 8.67745376936335e-10 8.69893698678822e-10 8.71183540364252e-10 8.71613629074606e-10 8.71183540364252e-10 8.69893698678822e-10 8.67745376936335e-10 8.6474069527098e-10 8.60882618940803e-10 8.56174955401349e-10 8.50622350548169e-10 8.44230284131879e-10 8.37005064350309e-10 8.2895382162307e-10 8.20084501554698e-10 8.10405857093293e-10 7.99927439892421e-10 7.88659590884786e-10 7.76613430076973e-10 7.63800845575351e-10 7.50234481853939e-10 7.35927727275844e-10 7.2089470088056e-10 7.05150238450178e-10 6.88709877868265e-10 6.71589843785848e-10 6.53807031609639e-10 6.3537899082831e-10 6.1632390769327e-10 5.96660587271023e-10 5.76408434884845e-10 5.55587436964069e-10 5.34218141319894e-10 5.12321636867175e-10 4.89919532812208e-10 4.67033937327058e-10 4.43687435731456e-10 4.19903068203821e-10 3.9570430704338e-10 3.71115033505847e-10 3.46159514235505e-10 3.20862377316958e-10 2.95248587970183e-10 2.69343423912875e-10 2.43172450414391e-10 2.16761495065913e-10 1.90136622291738e-10 1.63324107626834e-10 1.3635041178606e-10 1.09242154550638e-10 8.20260884976402e-11 5.47290725984247e-11 2.73780457120755e-11 0 
0 3.18726317399304e-11 6.3713809040363e-11 9.54921085035341e-11 1.27176168784514e-10 1.58734721541069e-10 1.90136622291738e-10 2.21350881151677e-10 2.52346693415936e-10 2.83093469959979e-10 3.1356086742746e-10 3.43718818175452e-10 3.73537559947581e-10 4.02987665245778e-10 4.32040070371667e-10 4.6066610410893e-10 4.8883751601833e-10 5.16526504317488e-10 5.43705743317886e-10 5.70348410392019e-10 5.96428212444092e-10 6.21919411858135e-10 6.46796851897914e-10 6.710359815336e-10 6.94612879670668e-10 7.1750427875713e-10 7.39687587745801e-10 7.61140914388931e-10 7.81843086843215e-10 8.01773674563845e-10 8.20913008466989e-10 8.39242200340806e-10 8.56743161485824e-10 8.73398620566311e-10 8.89192140654993e-10 9.04108135454316e-10 9.18131884678244e-10 9.31249548579401e-10 9.43448181607229e-10 9.54715745183691e-10 9.65041119583885e-10 9.74414114909877e-10 9.82825481146894e-10 9.90266917291977e-10 9.96731079546067e-10 1.00221158856145e-09 1.00670303573739e-09 1.01020098855779e-09 1.01270199496552e-09 1.01420358676922e-09 1.01470428207906e-09 1.01420358676922e-09 1.01270199496552e-09 1.01020098855779e-09 1.00670303573739e-09 1.00221158856145e-09 9.96731079546067e-10 9.90266917291977e-10 9.82825481146894e-10 9.74414114909877e-10 9.65041119583885e-10 9.54715745183691e-10 9.43448181607229e-10 9.312495485794e-10 9.18131884678244e-10 9.04108135454316e-10 8.89192140654993e-10 8.73398620566311e-10 8.56743161485824e-10 8.39242200340806e-10 8.2091300846699e-10 8.01773674563846e-10 7.81843086843215e-10 7.61140914388931e-10 7.39687587745801e-10 7.1750427875713e-10 6.94612879670668e-10 6.710359815336e-10 6.46796851897914e-10 6.21919411858135e-10 5.96428212444093e-10 5.70348410392019e-10 5.43705743317886e-10 5.16526504317489e-10 4.8883751601833e-10 4.6066610410893e-10 4.32040070371667e-10 4.02987665245778e-10 3.73537559947581e-10 3.43718818175452e-10 3.1356086742746e-10 2.83093469959979e-10 2.52346693415936e-10 2.21350881151678e-10 1.90136622291738e-10 1.58734721541069e-10 1.27176168784514e-10 9.54921085035342e-11 6.37138090403631e-11 3.18726317399305e-11 0 
0 3.63357633282875e-11 7.26356676450399e-11 1.08863889327237e-10 1.44984675493965e-10 1.80962379290192e-10 2.16761495065913e-10 2.52346693415936e-10 2.87682856045743e-10 3.22735110429005e-10 3.57468864222556e-10 3.91849839404858e-10 4.25844106104272e-10 4.59418116083743e-10 4.9253873584886e-10 5.25173279346617e-10 5.57289540222598e-10 5.8885582360476e-10 6.19840977382449e-10 6.5021442294977e-10 6.79946185382979e-10 7.09006923022112e-10 7.37367956427665e-10 7.65001296683737e-10 7.91879673019707e-10 8.17976559723199e-10 8.43266202317751e-10 8.67723642979377e-10 8.91324745166928e-10 9.1404621744194e-10 9.35865636454473e-10 9.56761469072254e-10 9.76713093631272e-10 9.95700820286877e-10 1.01370591044528e-09 1.03071059525626e-09 1.04669809314893e-09 1.06165262639305e-09 1.0755594366698e-09 1.08840479963642e-09 1.1001760384705e-09 1.11086153638047e-09 1.12045074806997e-09 1.12893421014479e-09 1.13630355045208e-09 1.14255149634265e-09 1.14767188184825e-09 1.15165965376658e-09 1.15451087664819e-09 1.15622273668033e-09 1.15679354446384e-09 1.15622273668033e-09 1.15451087664819e-09 1.15165965376658e-09 1.14767188184825e-09 1.14255149634265e-09 1.13630355045208e-09 1.12893421014479e-09 1.12045074806997e-09 1.11086153638047e-09 1.1001760384705e-09 1.08840479963642e-09 1.0755594366698e-09 1.06165262639305e-09 1.04669809314893e-09 1.03071059525626e-09 1.01370591044528e-09 9.95700820286877e-10 9.76713093631272e-10 9.56761469072254e-10 9.35865636454473e-10 9.1404621744194e-10 8.91324745166928e-10 8.67723642979377e-10 8.43266202317751e-10 8.17976559723199e-10 7.91879673019708e-10 7.65001296683737e-10 7.37367956427665e-10 7.09006923022112e-10 6.79946185382979e-10 6.50214422949771e-10 6.1984097738245e-10 5.8885582360476e-10 5.57289540222598e-10 5.25173279346618e-10 4.92538735848861e-10 4.59418116083743e-10 4.25844106104272e-10 3.91849839404858e-10 3.57468864222556e-10 3.22735110429005e-10 2.87682856045743e-10 2.52346693415936e-10 2.16761495065913e-10 1.80962379290192e-10 1.44984675493965e-10 1.08863889327237e-10 7.263566764504e-11 3.63357633282876e-11 0 
0 4.07630359051095e-11 8.14858436151617e-11 1.22128234635471e-10 1.62650099832915e-10 2.03011449018809e-10 2.4317245041439e-10 2.83093469959979e-10 3.22735110429005e-10 3.6205825030832e-10 4.01024082406403e-10 4.39594152151376e-10 4.7773039554102e-10 5.15395176707355e-10 5.52551325058693e-10 5.89162171962528e-10 6.25191586933048e-10 6.60604013287559e-10 6.95364503236645e-10 7.29438752373409e-10 7.6279313352779e-10 7.95394729952509e-10 8.27211367807935e-10 8.58211647913773e-10 8.88364976736268e-10 9.17641596580328e-10 9.46012614956775e-10 9.73450033095748e-10 9.99926773578101e-10 1.02541670705756e-09 1.0498946780472e-09 1.07333652974494e-09 1.09571912787331e-09 1.11702038351024e-09 1.13721927488815e-09 1.15629586813989e-09 1.17423133697107e-09 1.19100798123933e-09 1.20660924442224e-09 1.22101972995661e-09 1.234225216433e-09 1.2462126716306e-09 1.25697026537837e-09 1.26648738123007e-09 1.27475462694138e-09 1.28176384373888e-09 1.28750811437184e-09 1.29198176993865e-09 1.29518039548138e-09 1.2971008343428e-09 1.2977411912816e-09 1.2971008343428e-09 1.29518039548138e-09 1.29198176993865e-09 1.28750811437184e-09 1.28176384373888e-09 1.27475462694138e-09 1.26648738123007e-09 1.25697026537837e-09 1.24621267163059e-09 1.234225216433e-09 1.22101972995661e-09 1.20660924442224e-09 1.19100798123933e-09 1.17423133697107e-09 1.15629586813989e-09 1.13721927488815e-09 1.11702038351024e-09 1.09571912787331e-09 1.07333652974494e-09 1.0498946780472e-09 1.02541670705756e-09 9.99926773578102e-10 9.73450033095748e-10 9.46012614956776e-10 9.17641596580328e-10 8.88364976736268e-10 8.58211647913773e-10 8.27211367807935e-10 7.95394729952509e-10 7.6279313352779e-10 7.2943875237341e-10 6.95364503236645e-10 6.60604013287559e-10 6.25191586933048e-10 5.89162171962529e-10 5.52551325058693e-10 5.15395176707355e-10 4.7773039554102e-10 4.39594152151376e-10 4.01024082406404e-10 3.62058250308321e-10 3.22735110429005e-10 2.83093469959979e-10 2.43172450414391e-10 2.03011449018809e-10 1.62650099832915e-10 1.22128234635471e-10 8.14858436151617e-11 4.07630359051095e-11 0 
0 4.51500802868741e-11 9.02556028955403e-11 1.3527205412084e-10 1.80155008160315e-10 2.24860170957113e-10 2.69343423912875e-10 3.1356086742746e-10 3.57468864222556e-10 4.01024082406403e-10 4.4418353823714e-10 4.86904638542566e-10 5.29145222754459e-10 5.7086360451597e-10 6.12018612821022e-10 6.52569632645123e-10 6.9247664502749e-10 7.31700266564932e-10 7.70201788278519e-10 8.07943213814664e-10 8.4488729694294e-10 8.80997578313613e-10 9.16238421438617e-10 9.50575047860466e-10 9.83973571474394e-10 1.01640103196984e-09 1.04782542735832e-09 1.0782157455555e-09 1.10754199498638e-09 1.13577523418337e-09 1.16288760034802e-09 1.18885233684826e-09 1.2136438196239e-09 1.23723758247458e-09 1.25961034120485e-09 1.28074001660296e-09 1.30060575623029e-09 1.31918795500026e-09 1.33646827452614e-09 1.35242966121882e-09 1.3670563631167e-09 1.3803339454309e-09 1.39224930479069e-09 1.40279068217495e-09 1.41194767451688e-09 1.41971124497056e-09 1.42607373182928e-09 1.43102885608665e-09 1.43457172763327e-09 1.43669885008266e-09 1.43740812422177e-09 1.43669885008266e-09 1.43457172763327e-09 1.43102885608665e-09 1.42607373182928e-09 1.41971124497056e-09 1.41194767451688e-09 1.40279068217495e-09 1.39224930479069e-09 1.3803339454309e-09 1.3670563631167e-09 1.35242966121882e-09 1.33646827452614e-09 1.31918795500026e-09 1.30060575623029e-09 1.28074001660296e-09 1.25961034120485e-09 1.23723758247458e-09 1.21364381962391e-09 1.18885233684826e-09 1.16288760034802e-09 1.13577523418337e-09 1.10754199498638e-09 1.0782157455555e-09 1.04782542735833e-09 1.01640103196984e-09 9.83973571474394e-10 9.50575047860467e-10 9.16238421438617e-10 8.80997578313613e-10 8.4488729694294e-10 8.07943213814664e-10 7.70201788278519e-10 7.31700266564933e-10 6.9247664502749e-10 6.52569632645123e-10 6.12018612821023e-10 5.7086360451597e-10 5.29145222754459e-10 4.86904638542566e-10 4.44183538237141e-10 4.01024082406404e-10 3.57468864222556e-10 3.1356086742746e-10 2.69343423912875e-10 2.24860170957113e-10 1.80155008160315e-10 1.3527205412084e-10 9.02556028955404e-11 4.51500802868741e-11 0 
0 4.94925669904308e-11 9.89362907925521e-11 1.48282376420384e-10 1.97482125245038e-10 2.4648698305438e-10 2.95248587970182e-10 3.43718818175452e-10 3.91849839404858e-10 4.39594152151376e-10 4.86904638542566e-10 5.33734608840223e-10 5.80037847517516e-10 6.25768658868127e-10 6.708819121024e-10 7.15333085885984e-10 7.59078312277008e-10 8.0207442001845e-10 8.44278977142951e-10 8.85650332848049e-10 9.26147658600487e-10 9.65730988429048e-10 1.00436125836614e-09 1.04200034499924e-09 1.07861110309404e-09 1.11415740225239e-09 1.14860416256857e-09 1.18191738924895e-09 1.21406420616076e-09 1.24501288827684e-09 1.27473289298442e-09 1.30319489022699e-09 1.33037079144953e-09 1.35623377731852e-09 1.38075832418939e-09 1.40392022929525e-09 1.42569663463214e-09 1.4460660495171e-09 1.46500837179684e-09 1.48250490768623e-09 1.49853839021672e-09 1.5130929962768e-09 1.52615436222748e-09 1.5377095980775e-09 1.54774730020414e-09 1.55625756260728e-09 1.56323198668537e-09 1.5686636895239e-09 1.57254731068792e-09 1.57487901751223e-09 1.57565650888371e-09 1.57487901751223e-09 1.57254731068792e-09 1.5686636895239e-09 1.56323198668537e-09 1.55625756260728e-09 1.54774730020414e-09 1.5377095980775e-09 1.52615436222748e-09 1.5130929962768e-09 1.49853839021672e-09 1.48250490768623e-09 1.46500837179684e-09 1.4460660495171e-09 1.42569663463214e-09 1.40392022929525e-09 1.38075832418939e-09 1.35623377731852e-09 1.33037079144953e-09 1.30319489022699e-09 1.27473289298442e-09 1.24501288827684e-09 1.21406420616076e-09 1.18191738924895e-09 1.14860416256857e-09 1.11415740225239e-09 1.07861110309404e-09 1.04200034499924e-09 1.00436125836614e-09 9.65730988429048e-10 9.26147658600487e-10 8.85650332848049e-10 8.44278977142952e-10 8.0207442001845e-10 7.59078312277008e-10 7.15333085885984e-10 6.708819121024e-10 6.25768658868127e-10 5.80037847517516e-10 5.33734608840224e-10 4.86904638542566e-10 4.39594152151376e-10 3.91849839404858e-10 3.43718818175452e-10 2.95248587970182e-10 2.4648698305438e-10 1.97482125245038e-10 1.48282376420384e-10 9.89362907925521e-11 4.94925669904308e-11 0 
0 5.3786210505678e-11 1.07519340515275e-10 1.6114636191675e-10 2.1461435131445e-10 2.67870542258107e-10 3.20862377316958e-10 3.73537559947581e-10 4.25844106104272e-10 4.7773039554102e-10 5.29145222754459e-10 5.80037847517516e-10 6.30358044953891e-10 6.80056155103946e-10 7.29083131933088e-10 7.77390591734285e-10 8.24930860876944e-10 8.71657022855027e-10 9.1752296458798e-10 9.62483421928774e-10 1.00649402433416e-09 1.04951133865302e-09 1.09149291198967e-09 1.13239731359972e-09 1.17218417577723e-09 1.21081423369277e-09 1.24824936414302e-09 1.28445262317383e-09 1.31938828253942e-09 1.35302186496182e-09 1.38532017815581e-09 1.41625134758569e-09 1.4457848479216e-09 1.47389153316434e-09 1.50054366540892e-09 1.52571494221857e-09 1.54938052258206e-09 1.57151705142873e-09 1.59210268267719e-09 1.61111710079474e-09 1.62854154084633e-09 1.64435880701331e-09 1.65855328956361e-09 1.67111098025667e-09 1.6820194861679e-09 1.69126804191895e-09 1.69884752030189e-09 1.70475044128664e-09 1.70897097940286e-09 1.71150496948897e-09 1.7123499108027e-09 1.71150496948897e-09 1.70897097940286e-09 1.70475044128664e-09 1.69884752030189e-09 1.69126804191895e-09 1.6820194861679e-09 1.67111098025667e-09 1.65855328956361e-09 1.64435880701331e-09 1.62854154084633e-09 1.61111710079474e-09 1.59210268267719e-09 1.57151705142873e-09 1.54938052258206e-09 1.52571494221857e-09 1.50054366540892e-09 1.47389153316434e-09 1.4457848479216e-09 1.41625134758569e-09 1.38532017815581e-09 1.35302186496182e-09 1.31938828253942e-09 1.28445262317383e-09 1.24824936414302e-09 1.21081423369277e-09 1.17218417577724e-09 1.13239731359972e-09 1.09149291198967e-09 1.04951133865302e-09 1.00649402433416e-09 9.62483421928775e-10 9.1752296458798e-10 8.71657022855027e-10 8.24930860876944e-10 7.77390591734285e-10 7.29083131933088e-10 6.80056155103946e-10 6.30358044953891e-10 5.80037847517516e-10 5.29145222754459e-10 4.7773039554102e-10 4.25844106104272e-10 3.73537559947581e-10 3.20862377316958e-10 2.67870542258107e-10 2.1461435131445e-10 1.6114636191675e-10 1.07519340515275e-10 5.3786210505678e-11 0 
0 5.80267735248439e-11 1.15996281629876e-10 1.7385131540934e-10 2.31534778929819e-10 2.88989745577027e-10 3.46159514235505e-10 4.02987665245778e-10 4.59418116083743e-10 5.15395176707355e-10 5.7086360451597e-10 6.25768658868126e-10 6.80056155103946e-10 7.33672518018852e-10 7.86564834735831e-10 8.38680906924048e-10 8.89969302312304e-10 9.40379405446474e-10 9.8986146764085e-10 1.03836665607409e-09 1.08584710198131e-09 1.13225594789478e-09 1.17754739388659e-09 1.22167674276767e-09 1.26460044419845e-09 1.30627613766786e-09 1.34666269429803e-09 1.38572025743349e-09 1.42341028197489e-09 1.45969557241839e-09 1.49454031956309e-09 1.52791013585042e-09 1.5597720893005e-09 1.590094736012e-09 1.61884815119352e-09 1.64600395869572e-09 1.67153535901516e-09 1.69541715574215e-09 1.71762578042663e-09 1.73813931583729e-09 1.75693751759133e-09 1.77400183413314e-09 1.7893154250425e-09 1.80286317765401e-09 1.81463172197148e-09 1.82460944386251e-09 1.83278649652022e-09 1.83915481018086e-09 1.8437081000877e-09 1.84644187269333e-09 1.84735343009424e-09 1.84644187269333e-09 1.8437081000877e-09 1.83915481018086e-09 1.83278649652022e-09 1.82460944386251e-09 1.81463172197148e-09 1.80286317765401e-09 1.7893154250425e-09 1.77400183413314e-09 1.75693751759133e-09 1.73813931583729e-09 1.71762578042663e-09 1.69541715574215e-09 1.67153535901516e-09 1.64600395869572e-09 1.61884815119352e-09 1.590094736012e-09 1.5597720893005e-09 1.52791013585042e-09 1.49454031956309e-09 1.45969557241839e-09 1.42341028197489e-09 1.38572025743349e-09 1.34666269429803e-09 1.30627613766786e-09 1.26460044419845e-09 1.22167674276767e-09 1.17754739388659e-09 1.13225594789478e-09 1.08584710198131e-09 1.03836665607409e-09 9.8986146764085e-10 9.40379405446475e-10 8.89969302312305e-10 8.38680906924048e-10 7.86564834735831e-10 7.33672518018853e-10 6.80056155103946e-10 6.25768658868127e-10 5.7086360451597e-10 5.15395176707355e-10 4.59418116083743e-10 4.02987665245778e-10 3.46159514235505e-10 2.88989745577027e-10 2.31534778929819e-10 1.7385131540934e-10 1.15996281629876e-10 5.80267735248439e-11 0 
0 6.22100711241981e-11 1.2435874841891e-10 1.86384698642945e-10 2.48226709671918e-10 3.09823750907218e-10 3.71115033505847e-10 4.32040070371667e-10 4.9253873584886e-10 5.52551325058693e-10 6.12018612821022e-10 6.708819121024e-10 7.29083131933088e-10 7.86564834735831e-10 8.43270293009812e-10 8.9914354531385e-10 9.54129451493578e-10 1.00817374709813e-09 1.06122309693258e-09 1.11322514769338e-09 1.16412857963471e-09 1.21388315721488e-09 1.26243977867277e-09 1.30975052448532e-09 1.35576870465829e-09 1.40044890480371e-09 1.44374703095833e-09 1.48562035309909e-09 1.52602754731245e-09 1.56492873657616e-09 1.602285530113e-09 1.6380610612779e-09 1.67222002394082e-09 1.70472870732969e-09 1.73555502929881e-09 1.76466856799011e-09 1.79204059185582e-09 1.81764408801306e-09 1.84145378890225e-09 1.86344619722321e-09 1.8835996091241e-09 1.90189413562052e-09 1.91831172222354e-09 1.9328361667573e-09 1.94545313534862e-09 1.95615017657275e-09 1.96491673374148e-09 1.97174415532127e-09 1.97662570347133e-09 1.97955656069296e-09 1.98053383458396e-09 1.97955656069296e-09 1.97662570347132e-09 1.97174415532127e-09 1.96491673374148e-09 1.95615017657275e-09 1.94545313534862e-09 1.9328361667573e-09 1.91831172222354e-09 1.90189413562052e-09 1.8835996091241e-09 1.86344619722321e-09 1.84145378890225e-09 1.81764408801306e-09 1.79204059185582e-09 1.76466856799011e-09 1.73555502929881e-09 1.70472870732969e-09 1.67222002394082e-09 1.6380610612779e-09 1.602285530113e-09 1.56492873657616e-09 1.52602754731245e-09 1.48562035309909e-09 1.44374703095833e-09 1.40044890480371e-09 1.35576870465829e-09 1.30975052448532e-09 1.26243977867278e-09 1.21388315721488e-09 1.16412857963471e-09 1.11322514769338e-09 1.06122309693258e-09 1.00817374709813e-09 9.54129451493579e-10 8.99143545313851e-10 8.43270293009813e-10 7.86564834735831e-10 7.29083131933088e-10 6.70881912102401e-10 6.12018612821023e-10 5.52551325058693e-10 4.92538735848861e-10 4.32040070371667e-10 3.71115033505847e-10 3.09823750907218e-10 2.48226709671918e-10 1.86384698642945e-10 1.2435874841891e-10 6.22100711241982e-11 0 
0 6.63319748940657e-11 1.32598488137267e-10 1.98734142681487e-10 2.64673670620344e-10 3.30351997600738e-10 3.9570430704338e-10 4.6066610410893e-10 5.25173279346617e-10 5.89162171962528e-10 6.52569632645123e-10 7.15333085885984e-10 7.77390591734285e-10 8.38680906924048e-10 8.9914354531385e-10 9.58718837579343e-10 1.01734799009967e-09 1.07497314297969e-09 1.13153742715066e-09 1.1869850204932e-09 1.24126120292696e-09 1.29431241041271e-09 1.34608628781361e-09 1.3965317405634e-09 1.44559898509058e-09 1.49323959794876e-09 1.53940656360476e-09 1.5840543208373e-09 1.62713880770036e-09 1.66861750500707e-09 1.70844947829097e-09 1.7465954182034e-09 1.78301767930708e-09 1.81768031722763e-09 1.85054912412627e-09 1.88159166245891e-09 1.91077729698801e-09 1.93807722501592e-09 1.96346450480964e-09 1.98691408218906e-09 2.0084028152524e-09 2.0279094972145e-09 2.04541487733532e-09 2.06090167991815e-09 2.07435462135857e-09 2.08576042522759e-09 2.09510783537381e-09 2.10238762703195e-09 2.10759261592654e-09 2.11071766536195e-09 2.11175969129169e-09 2.11071766536195e-09 2.10759261592654e-09 2.10238762703195e-09 2.09510783537381e-09 2.08576042522759e-09 2.07435462135857e-09 2.06090167991815e-09 2.04541487733532e-09 2.0279094972145e-09 2.0084028152524e-09 1.98691408218906e-09 1.96346450480964e-09 1.93807722501592e-09 1.91077729698801e-09 1.88159166245891e-09 1.85054912412627e-09 1.81768031722763e-09 1.78301767930708e-09 1.7465954182034e-09 1.70844947829097e-09 1.66861750500707e-09 1.62713880770036e-09 1.5840543208373e-09 1.53940656360476e-09 1.49323959794876e-09 1.44559898509058e-09 1.3965317405634e-09 1.34608628781361e-09 1.29431241041271e-09 1.24126120292696e-09 1.1869850204932e-09 1.13153742715066e-09 1.07497314297969e-09 1.01734799009967e-09 9.58718837579343e-10 8.99143545313851e-10 8.38680906924048e-10 7.77390591734285e-10 7.15333085885984e-10 6.52569632645123e-10 5.89162171962528e-10 5.25173279346618e-10 4.6066610410893e-10 3.9570430704338e-10 3.30351997600738e-10 2.64673670620344e-10 1.98734142681487e-10 1.32598488137267e-10 6.63319748940657e-11 0 
0 7.03884170130691e-11 1.40707369156643e-10 2.10887460114666e-10 2.80859430610307e-10 3.50554226756506e-10 4.19903068203821e-10 4.8883751601833e-10 5.57289540222598e-10 6.25191586933047e-10 6.92476645027489e-10 7.59078312277008e-10 8.24930860876944e-10 8.89969302312304e-10 9.54129451493578e-10 1.01734799009967e-09 1.07956252906545e-09 1.1407116701522e-09 1.20073506654031e-09 1.25957348238424e-09 1.3171688512712e-09 1.37346433352568e-09 1.42840437230333e-09 1.48193474841887e-09 1.53400263385387e-09 1.58455664389164e-09 1.63354688782773e-09 1.68092501820603e-09 1.72664427853191e-09 1.77065954941516e-09 1.81292739309746e-09 1.85340609632015e-09 1.8920557114902e-09 1.92883809610367e-09 1.96371695038773e-09 1.99665785312417e-09 2.027628295619e-09 2.05659771378459e-09 2.08353751830273e-09 2.10842112283883e-09 2.13122397027946e-09 2.15192355696721e-09 2.17049945490911e-09 2.18693333193659e-09 2.20120896979712e-09 2.21331228015963e-09 2.22323131851805e-09 2.23095629597907e-09 2.23647958892257e-09 2.23979574652526e-09 2.24090149613995e-09 2.23979574652526e-09 2.23647958892257e-09 2.23095629597907e-09 2.22323131851805e-09 2.21331228015963e-09 2.20120896979712e-09 2.1869333319366e-09 2.17049945490911e-09 2.15192355696721e-09 2.13122397027946e-09 2.10842112283883e-09 2.08353751830273e-09 2.05659771378459e-09 2.027628295619e-09 1.99665785312417e-09 1.96371695038773e-09 1.92883809610367e-09 1.8920557114902e-09 1.85340609632015e-09 1.81292739309746e-09 1.77065954941516e-09 1.72664427853191e-09 1.68092501820603e-09 1.63354688782773e-09 1.58455664389164e-09 1.53400263385387e-09 1.48193474841887e-09 1.42840437230333e-09 1.37346433352568e-09 1.3171688512712e-09 1.25957348238424e-09 1.20073506654031e-09 1.1407116701522e-09 1.07956252906545e-09 1.01734799009967e-09 9.54129451493579e-10 8.89969302312305e-10 8.24930860876944e-10 7.59078312277008e-10 6.9247664502749e-10 6.25191586933048e-10 5.57289540222598e-10 4.8883751601833e-10 4.19903068203821e-10 3.50554226756506e-10 2.80859430610307e-10 2.10887460114666e-10 1.40707369156643e-10 7.03884170130692e-11 0 
0 7.43753942625773e-11 1.48677388990468e-10 2.22832657085463e-10 2.96768016250828e-10 3.7041050121339e-10 4.43687435731456e-10 5.16526504317488e-10 5.8885582360476e-10 6.60604013287559e-10 7.31700266564932e-10 8.02074420018449e-10 8.71657022855027e-10 9.40379405446474e-10 1.00817374709813e-09 1.07497314297969e-09 1.1407116701522e-09 1.20532445262607e-09 1.26874772538578e-09 1.3309188973183e-09 1.39177661298296e-09 1.45126081316183e-09 1.50931279413095e-09 1.5658752655938e-09 1.62089240721992e-09 1.67430992373283e-09 1.72607509849291e-09 1.77613684552234e-09 1.82444575992084e-09 1.87095416662231e-09 1.91561616744435e-09 1.95838768638427e-09 1.99922651311674e-09 2.0380923446503e-09 2.07494682510157e-09 2.10975358354782e-09 2.14247826992075e-09 2.17308858890581e-09 2.20155433181378e-09 2.22784740639313e-09 2.25194186455364e-09 2.27381392797407e-09 2.29344201156848e-09 2.31080674478808e-09 2.32589099073765e-09 2.33867986308758e-09 2.34916074076489e-09 2.35732328040868e-09 2.36315942657779e-09 2.36666341970057e-09 2.36783180175884e-09 2.36666341970057e-09 2.36315942657779e-09 2.35732328040868e-09 2.34916074076489e-09 2.33867986308758e-09 2.32589099073765e-09 2.31080674478808e-09 2.29344201156848e-09 2.27381392797407e-09 2.25194186455364e-09 2.22784740639313e-09 2.20155433181378e-09 2.17308858890581e-09 2.14247826992076e-09 2.10975358354782e-09 2.07494682510157e-09 2.0380923446503e-09 1.99922651311674e-09 1.95838768638427e-09 1.91561616744435e-09 1.87095416662231e-09 1.82444575992084e-09 1.77613684552234e-09 1.72607509849291e-09 1.67430992373284e-09 1.62089240721993e-09 1.5658752655938e-09 1.50931279413095e-09 1.45126081316183e-09 1.39177661298296e-09 1.3309188973183e-09 1.26874772538578e-09 1.20532445262607e-09 1.1407116701522e-09 1.07497314297969e-09 1.00817374709813e-09 9.40379405446475e-10 8.71657022855027e-10 8.0207442001845e-10 7.31700266564933e-10 6.60604013287559e-10 5.8885582360476e-10 5.16526504317488e-10 4.43687435731456e-10 3.7041050121339e-10 2.96768016250828e-10 2.22832657085463e-10 1.48677388990468e-10 7.43753942625773e-11 0 
0 7.82889719773984e-11 1.56500682191397e-10 2.34557945126629e-10 3.12383727688546e-10 3.89901225225778e-10 4.67033937327058e-10 5.43705743317886e-10 6.1984097738245e-10 6.95364503236645e-10 7.70201788278519e-10 8.44278977142951e-10 9.1752296458798e-10 9.8986146764085e-10 1.06122309693258e-09 1.13153742715066e-09 1.20073506654031e-09 1.26874772538578e-09 1.33550828340407e-09 1.40095085598451e-09 1.46501085920893e-09 1.52762507358822e-09 1.58873170645229e-09 1.648270452932e-09 1.70618255547277e-09 1.7624108618212e-09 1.81689988142745e-09 1.86959584020772e-09 1.92044673361274e-09 1.96940237795003e-09 2.01641445990912e-09 2.06143658424094e-09 2.10442431954437e-09 2.14533524211464e-09 2.1841289778104e-09 2.22076724189815e-09 2.25521387683463e-09 2.28743488794994e-09 2.31739847699621e-09 2.34507507352859e-09 2.37043736408774e-09 2.39346031915491e-09 2.41412121785304e-09 2.43239967036953e-09 2.44827763807854e-09 2.46173945134291e-09 2.47277182497821e-09 2.48136387136362e-09 2.48750711118668e-09 2.49119548181137e-09 2.49242534326119e-09 2.49119548181137e-09 2.48750711118668e-09 2.48136387136362e-09 2.47277182497821e-09 2.46173945134291e-09 2.44827763807854e-09 2.43239967036953e-09 2.41412121785304e-09 2.39346031915491e-09 2.37043736408774e-09 2.34507507352859e-09 2.31739847699621e-09 2.28743488794994e-09 2.25521387683463e-09 2.22076724189815e-09 2.1841289778104e-09 2.14533524211464e-09 2.10442431954437e-09 2.06143658424094e-09 2.01641445990912e-09 1.96940237795003e-09 1.92044673361274e-09 1.86959584020772e-09 1.81689988142745e-09 1.7624108618212e-09 1.70618255547277e-09 1.648270452932e-09 1.58873170645229e-09 1.52762507358822e-09 1.46501085920893e-09 1.40095085598451e-09 1.33550828340407e-09 1.26874772538578e-09 1.20073506654031e-09 1.13153742715066e-09 1.06122309693258e-09 9.89861467640851e-10 9.1752296458798e-10 8.44278977142952e-10 7.70201788278519e-10 6.95364503236645e-10 6.1984097738245e-10 5.43705743317886e-10 4.67033937327058e-10 3.89901225225778e-10 3.12383727688546e-10 2.3455794512663e-10 1.56500682191397e-10 7.82889719773984e-11 0 
0 8.212528792882e-11 1.6416952811356e-10 2.4605175279448e-10 3.2769115410158e-10 4.09007163802214e-10 4.89919532812208e-10 5.70348410392019e-10 6.50214422949771e-10 7.29438752373409e-10 8.07943213814664e-10 8.85650332848049e-10 9.62483421928775e-10 1.03836665607409e-09 1.11322514769338e-09 1.1869850204932e-09 1.25957348238424e-09 1.3309188973183e-09 1.40095085598451e-09 1.4696002452947e-09 1.53679931658977e-09 1.6024817524994e-09 1.66658273238928e-09 1.72903899633126e-09 1.78978890753327e-09 1.84877251316738e-09 1.905931603536e-09 1.96120976951785e-09 2.0145524582369e-09 2.06590702689955e-09 2.11522279474662e-09 2.16245109306921e-09 2.20754531323884e-09 2.25046095270447e-09 2.29115565891122e-09 2.32958927109721e-09 2.36572385992734e-09 2.39952376492503e-09 2.43095562966475e-09 2.45998843469082e-09 2.48659352812986e-09 2.51074465396671e-09 2.53241797795596e-09 2.5515921111435e-09 2.5682481309748e-09 2.58236959996917e-09 2.59394258194164e-09 2.60295565575621e-09 2.60939992659719e-09 2.6132690347473e-09 2.6145591618639e-09 2.6132690347473e-09 2.60939992659719e-09 2.60295565575621e-09 2.59394258194164e-09 2.58236959996917e-09 2.5682481309748e-09 2.55159211114351e-09 2.53241797795596e-09 2.51074465396671e-09 2.48659352812986e-09 2.45998843469082e-09 2.43095562966475e-09 2.39952376492503e-09 2.36572385992734e-09 2.32958927109721e-09 2.29115565891122e-09 2.25046095270447e-09 2.20754531323884e-09 2.16245109306921e-09 2.11522279474662e-09 2.06590702689955e-09 2.01455245823691e-09 1.96120976951785e-09 1.905931603536e-09 1.84877251316738e-09 1.78978890753327e-09 1.72903899633126e-09 1.66658273238928e-09 1.6024817524994e-09 1.53679931658977e-09 1.4696002452947e-09 1.40095085598451e-09 1.3309188973183e-09 1.25957348238424e-09 1.1869850204932e-09 1.11322514769338e-09 1.03836665607409e-09 9.62483421928775e-10 8.85650332848049e-10 8.07943213814664e-10 7.2943875237341e-10 6.50214422949771e-10 5.70348410392019e-10 4.89919532812208e-10 4.09007163802214e-10 3.2769115410158e-10 2.4605175279448e-10 1.64169528113561e-10 8.212528792882e-11 0 
