T:0.01 dt3.3333333e-05 h-step-xy:0.01
0 0 0 0 0 0 0 0 0 0 0 0 0 0 0 0 0 0 0 0 0 0 0 0 0 0 0 0 0 0 0 0 0 0 0 0 0 0 0 0 0 0 0 0 0 0 0 0 0 0 0 0 0 0 0 0 0 0 0 0 0 0 0 0 0 0 0 0 0 0 0 0 0 0 0 0 0 0 0 0 0 0 0 0 0 0 0 0 0 0 0 0 0 0 0 0 0 0 0 0 0 
0 4.54192953229742e-05 9.1204345764148e-05 0.000137718544509678 0.000185320542959632 0.000234361836047868 0.00028518429784294 0.000338117655492356 0.000393476893399177 0.000451559584122636 0.000512643147756834 0.000576982047328118 0.000644804933909803 0.000716311761515734 0.000791670898223614 0.000871016266209233 0.000954444549253742 0.00104201251162814 0.00113373447687696 0.0012295800187402 0.00132947191910729 0.00143328444934365 0.00154084203145081 0.00165191833421899 0.00176623585674653 0.00188346604740501 0.00200323000053305 0.00212509976589493 0.00224860029733205 0.00237321205719595 0.00249837428225009 0.00262348890496827 0.00274792511177961 0.00287102450707838 0.00299210683901945 0.00311047623056106 0.00322542784720429 0.00333625492172543 0.00344225604620096 0.0035427426330698 0.00363704644011758 0.00372452704932462 0.0038045791866719 0.00387663976937792 0.00394019456872078 0.00399478438060542 0.004040010602326 0.00407554012245058 0.00410110944126558 0.00411652795154962 0.00412168032334414 0.00411652795154962 0.00410110944126558 0.00407554012245058 0.004040010602326 0.00399478438060542 0.00394019456872078 0.00387663976937792 0.0038045791866719 0.00372452704932462 0.00363704644011758 0.0035427426330698 0.00344225604620096 0.00333625492172543 0.00322542784720429 0.00311047623056106 0.00299210683901945 0.00287102450707838 0.00274792511177961 0.00262348890496827 0.00249837428225009 0.00237321205719595 0.00224860029733205 0.00212509976589493 0.00200323000053305 0.00188346604740501 0.00176623585674653 0.00165191833421899 0.00154084203145081 0.00143328444934365 0.00132947191910729 0.0012295800187402 0.00113373447687696 0.00104201251162814 0.000954444549253742 0.000871016266209233 0.000791670898223614 0.000716311761515734 0.000644804933909803 0.000576982047328118 0.000512643147756834 0.000451559584122636 0.000393476893399177 0.000338117655492356 0.00028518429784294 0.000234361836047868 0.000185320542959632 0.000137718544509678 9.1204345764148e-05 4.54192953229742e-05 0 
0 9.1204345764148e-05 0.000183143167899952 0.000276546199890176 0.000372133653446923 0.000470611369688333 0.000572665870463814 0.000678959285852605 0.000790124141545011 0.000906757999058716 0.00102941795231047 0.00115861499568381 0.00129480829110016 0.0014383993743783 0.00158972635399856 0.00174905816789963 0.00191658897574603 0.00209243277483241 0.00227661833706438 0.00246908457192068 0.00266967642563219 0.00287814142972036 0.00309412701227825 0.00331717868276417 0.00354673919548588 0.00378214878832743 0.00402264658163245 0.00426737320760433 0.00451537472329803 0.00476560784051938 0.00501694648405502 0.00526818966604276 0.00551807063943399 0.00576526726793286 0.00600841352409767 0.00624611200206818 0.00647694730726051 0.00669950016297269 0.00691236205376996 0.0071141502083378 0.00730352271071509 0.00747919351889285 0.00763994716404563 0.00778465290241444 0.00791227809523692 0.00802190060016353 0.0081127199702303 0.0081840672734825 0.0082354133674488 0.00826637548743204 0.0082767220354907 0.00826637548743204 0.0082354133674488 0.0081840672734825 0.0081127199702303 0.00802190060016353 0.00791227809523692 0.00778465290241444 0.00763994716404563 0.00747919351889285 0.00730352271071509 0.0071141502083378 0.00691236205376996 0.00669950016297269 0.00647694730726051 0.00624611200206818 0.00600841352409767 0.00576526726793286 0.00551807063943399 0.00526818966604276 0.00501694648405502 0.00476560784051938 0.00451537472329803 0.00426737320760433 0.00402264658163245 0.00378214878832743 0.00354673919548588 0.00331717868276417 0.00309412701227825 0.00287814142972036 0.00266967642563219 0.00246908457192068 0.00227661833706438 0.00209243277483241 0.00191658897574603 0.00174905816789963 0.00158972635399856 0.0014383993743783 0.00129480829110016 0.00115861499568381 0.00102941795231047 0.000906757999058716 0.000790124141545011 0.000678959285852605 0.000572665870463814 0.000470611369688333 0.000372133653446923 0.000276546199890176 0.000183143167899952 9.1204345764148e-05 0 
0 0.000137718544509678 0.000276546199890176 0.000417584915239792 0.000561922261751251 0.000710624110944635 0.000864727162092008 0.00102523128262173 0.00119309163689538 0.00136921059270881 0.00155442941082788 0.00174951974041844 0.00195517496190547 0.00217200143809331 0.00240050975375612 0.00264110604280262 0.00289408351995492 0.00315961435008279 0.00343774200233979 0.00372837424752205 0.00403127696512127 0.00434606893093457 0.004672217756458 0.00500903714734523 0.00535568563976863 0.00571116696049529 0.00607433213891449 0.0064438834772775 0.00681838045930631 0.0071962476474898 0.00757578458632526 0.00795517769310346 0.00833251408029624 0.00870579721499576 0.00907296428204468 0.00943190507940764 0.00978048223790646 0.0101165525236154 0.0104379889508977 0.0107427034081188 0.0110286694772659 0.0112939451137141 0.0115366948437411 0.0117552111355084 0.011947934604325 0.0121134727251542 0.0122506167444039 0.0123583565087423 0.0124358929605585 0.0124826480870858 0.0124982721523499 0.0124826480870858 0.0124358929605585 0.0123583565087423 0.0122506167444039 0.0121134727251542 0.011947934604325 0.0117552111355084 0.0115366948437411 0.0112939451137141 0.0110286694772659 0.0107427034081188 0.0104379889508977 0.0101165525236154 0.00978048223790646 0.00943190507940764 0.00907296428204468 0.00870579721499576 0.00833251408029624 0.00795517769310346 0.00757578458632526 0.0071962476474898 0.00681838045930631 0.00644388347727749 0.00607433213891449 0.00571116696049529 0.00535568563976863 0.00500903714734523 0.004672217756458 0.00434606893093457 0.00403127696512127 0.00372837424752205 0.00343774200233979 0.00315961435008279 0.00289408351995492 0.00264110604280262 0.00240050975375612 0.00217200143809331 0.00195517496190547 0.00174951974041844 0.00155442941082788 0.00136921059270881 0.00119309163689538 0.00102523128262173 0.000864727162092008 0.000710624110944635 0.000561922261751251 0.000417584915239792 0.000276546199890176 0.000137718544509678 0 
0 0.000185320542959632 0.000372133653446923 0.000561922261751251 0.000756149950514365 0.000956251102133644 0.00116362084317007 0.00137960473701491 0.00160548819168759 0.00184248556842299 0.00209172899818551 0.00235425693686478 0.00263100251504302 0.00292278176419447 0.00323028182725714 0.00355404928694663 0.00389447876918738 0.00425180200084191 0.00462607751976848 0.00501718125041237 0.00542479816897266 0.00584841528809717 0.00628731619155051 0.00674057734399166 0.00720706638963491 0.0076854426360402 0.00817415989562663 0.00867147182792792 0.00917543989047871 0.00968394396606398 0.0101946956895712 0.0107052544496929 0.0112130459902062 0.0117153834835949 0.0122094908975453 0.0126925284235891 0.013161619688136 0.0136138804206167 0.0140464482126567 0.0144565129672792 0.0148413476091366 0.0151983386065929 0.015525015844854 0.0158190813868059 0.0160784366650792 0.0163012076652075 0.016485767685415 0.0166307572931673 0.0167351011415169 0.0167980213586023 0.0168190472803875 0.0167980213586023 0.0167351011415169 0.0166307572931673 0.016485767685415 0.0163012076652075 0.0160784366650792 0.0158190813868059 0.015525015844854 0.0151983386065929 0.0148413476091366 0.0144565129672792 0.0140464482126567 0.0136138804206167 0.013161619688136 0.0126925284235891 0.0122094908975453 0.0117153834835949 0.0112130459902062 0.0107052544496929 0.0101946956895712 0.00968394396606398 0.00917543989047871 0.00867147182792792 0.00817415989562663 0.0076854426360402 0.00720706638963491 0.00674057734399166 0.00628731619155051 0.00584841528809717 0.00542479816897266 0.00501718125041237 0.00462607751976848 0.00425180200084191 0.00389447876918738 0.00355404928694663 0.00323028182725714 0.00292278176419447 0.00263100251504302 0.00235425693686478 0.00209172899818551 0.00184248556842299 0.00160548819168759 0.00137960473701491 0.00116362084317007 0.000956251102133644 0.000756149950514365 0.000561922261751251 0.000372133653446923 0.000185320542959632 0 
0 0.000234361836047868 0.000470611369688333 0.000710624110944635 0.000956251102133644 0.00120930645784865 0.00147155464813196 0.00174469746316392 0.00203036061755002 0.0023300799760496 0.00264528740975727 0.00297729632162191 0.00332728691198062 0.0036962912876346 0.00408517855098207 0.0044946400378893 0.00492517490334553 0.00537707628152984 0.00585041827076222 0.00634504401300716 0.00686055515130678 0.00739630295600001 0.00795138141120894 0.00852462254636185 0.00911459428315332 0.00971960104617399 0.0103376873555286 0.0109666445823552 0.011604021003727 0.0122471352426265 0.0128930931224081 0.0135388079044622 0.0141810238138954 0.0148163426923143 0.0154412535507373 0.0160521647308184 0.016645438320557 0.017217426413081 0.0177645087454876 0.0182831312105503 0.0187698446986886 0.0192213437020684 0.0196345040980002 0.0200064195255875 0.0203344357782548 0.0206161826554579 0.0208496027493467 0.0210329766859129 0.0211649443944066 0.0212445220424705 0.021271114346183 0.0212445220424705 0.0211649443944066 0.0210329766859129 0.0208496027493467 0.0206161826554579 0.0203344357782548 0.0200064195255875 0.0196345040980002 0.0192213437020684 0.0187698446986886 0.0182831312105503 0.0177645087454876 0.017217426413081 0.016645438320557 0.0160521647308184 0.0154412535507373 0.0148163426923143 0.0141810238138954 0.0135388079044622 0.0128930931224081 0.0122471352426265 0.011604021003727 0.0109666445823552 0.0103376873555286 0.00971960104617399 0.00911459428315332 0.00852462254636185 0.00795138141120894 0.00739630295600001 0.00686055515130678 0.00634504401300716 0.00585041827076222 0.00537707628152984 0.00492517490334553 0.0044946400378893 0.00408517855098207 0.0036962912876346 0.00332728691198062 0.00297729632162191 0.00264528740975727 0.0023300799760496 0.00203036061755002 0.00174469746316392 0.00147155464813196 0.00120930645784865 0.000956251102133644 0.000710624110944635 0.000470611369688333 0.000234361836047868 0 
0 0.00028518429784294 0.000572665870463814 0.000864727162092008 0.00116362084317007 0.00147155464813196 0.00179067590054103 0.00212305565049977 0.00247067237328799 0.00283539520710682 0.00321896674087262 0.00362298539936521 0.00404888751173029 0.00449792918931943 0.00497116817900172 0.00546944589723333 0.00599336988712988 0.00654329697436008 0.00711931742670268 0.0077212404454756 0.00834858133373463 0.00900055069524599 0.00967604601900079 0.010373645995875 0.0110916078965531 0.0118278683128573 0.0125800475282182 0.0133454577375012 0.014121115282325 0.0149037570061961 0.0156898607652899 0.016475670056832 0.0172572226492603 0.0180303830183536 0.0187908783131056 0.0195343374962054 0.0202563332285091 0.0209524259968003 0.0216182099213258 0.0222493596258243 0.0228416775096643 0.0233911407306316 0.023893947189015 0.0243465597997196 0.0247457483496985 0.0250886282631514 0.025372695636454 0.0255958579580429 0.0257564599945094 0.0258533044016413 0.0258856667064705 0.0258533044016413 0.0257564599945094 0.0255958579580429 0.025372695636454 0.0250886282631514 0.0247457483496985 0.0243465597997196 0.023893947189015 0.0233911407306316 0.0228416775096643 0.0222493596258243 0.0216182099213258 0.0209524259968003 0.0202563332285091 0.0195343374962054 0.0187908783131056 0.0180303830183536 0.0172572226492603 0.016475670056832 0.0156898607652899 0.0149037570061961 0.014121115282325 0.0133454577375012 0.0125800475282182 0.0118278683128573 0.0110916078965531 0.010373645995875 0.00967604601900079 0.00900055069524599 0.00834858133373463 0.0077212404454756 0.00711931742670268 0.00654329697436008 0.00599336988712988 0.00546944589723333 0.00497116817900172 0.00449792918931943 0.00404888751173029 0.00362298539936521 0.00321896674087262 0.00283539520710682 0.00247067237328799 0.00212305565049977 0.00179067590054103 0.00147155464813196 0.00116362084317007 0.000864727162092008 0.000572665870463814 0.00028518429784294 0 
0 0.000338117655492356 0.000678959285852605 0.00102523128262173 0.00137960473701491 0.00174469746316392 0.00212305565049977 0.00251713505619621 0.0029292816771085 0.00336171187494014 0.00381649196758386 0.00429551734270403 0.00480049119551782 0.00533290304014957 0.00589400719155024 0.00648480146140625 0.00710600635529376 0.00775804509815301 0.00844102484957992 0.00915471949814675 0.00989855444375947 0.0106715937878639 0.0114725303522237 0.0122996789373162 0.0131509732106622 0.0140239665834174 0.014915837390389 0.0158233986346561 0.0167431124938511 0.0176711097118545 0.0186032139184384 0.0195349708317808 0.020461682206545 0.0213784442953561 0.0222801904961481 0.0231617377642693 0.0240178362787239 0.0248432217688097 0.0256326698329205 0.0263810515175184 0.0270833893731577 0.0277349131675938 0.0283311144147807 0.0288677988739169 0.0293411361852159 0.02974770583891 0.0300845387208569 0.0303491535412726 0.0305395875314209 0.0306544208849745 0.0306927945243108 0.0306544208849745 0.0305395875314209 0.0303491535412726 0.0300845387208569 0.02974770583891 0.0293411361852159 0.0288677988739169 0.0283311144147807 0.0277349131675938 0.0270833893731577 0.0263810515175184 0.0256326698329205 0.0248432217688097 0.0240178362787239 0.0231617377642693 0.0222801904961481 0.0213784442953561 0.020461682206545 0.0195349708317807 0.0186032139184384 0.0176711097118545 0.0167431124938511 0.0158233986346561 0.014915837390389 0.0140239665834174 0.0131509732106622 0.0122996789373162 0.0114725303522237 0.0106715937878639 0.00989855444375947 0.00915471949814675 0.00844102484957992 0.00775804509815301 0.00710600635529376 0.00648480146140625 0.00589400719155024 0.00533290304014957 0.00480049119551782 0.00429551734270403 0.00381649196758386 0.00336171187494014 0.0029292816771085 0.00251713505619621 0.00212305565049977 0.00174469746316392 0.00137960473701491 0.00102523128262173 0.000678959285852605 0.000338117655492356 0 
0 0.000393476893399177 0.000790124141545011 0.00119309163689538 0.00160548819168759 0.00203036061755002 0.00247067237328799 0.0029292816771085 0.00340891901274052 0.00391216399883213 0.00444142163665343 0.00499889800132902 0.00558657549524388 0.00620618783746384 0.00685919501844281 0.00754675850334118 0.00826971701830598 0.00902856330041729 0.00982342223208014 0.0106540308129073 0.0115197204451878 0.0124194020216176 0.0133515543050394 0.014314216078676 0.0153049825212224 0.0163210062239304 0.0173590032165818 0.0184152643064108 0.0194856719594034 0.0205657228680754 0.0216505562552941 0.0227349878617271 0.0238135494571481 0.0248805336054035 0.0259300433018466 0.0269560459931047 0.0279524313848506 0.0289130723464953 0.0298318881350021 0.0307029090857997 0.0315203418592523 0.032278634288252 0.0329725388477796 0.0335971737618687 0.0341480807779762 0.0346212786734833 0.0350133116135919 0.0353212915533975 0.0355429339680642 0.0356765863019852 0.0357212486483436 0.0356765863019852 0.0355429339680642 0.0353212915533975 0.0350133116135919 0.0346212786734833 0.0341480807779762 0.0335971737618687 0.0329725388477796 0.032278634288252 0.0315203418592523 0.0307029090857997 0.0298318881350021 0.0289130723464953 0.0279524313848506 0.0269560459931047 0.0259300433018466 0.0248805336054035 0.0238135494571481 0.0227349878617271 0.0216505562552941 0.0205657228680754 0.0194856719594034 0.0184152643064108 0.0173590032165818 0.0163210062239304 0.0153049825212224 0.014314216078676 0.0133515543050394 0.0124194020216176 0.0115197204451878 0.0106540308129073 0.00982342223208014 0.00902856330041729 0.00826971701830598 0.00754675850334118 0.00685919501844281 0.00620618783746384 0.00558657549524388 0.00499889800132902 0.00444142163665343 0.00391216399883213 0.00340891901274052 0.0029292816771085 0.00247067237328799 0.00203036061755002 0.00160548819168759 0.00119309163689538 0.000790124141545011 0.000393476893399177 0 
0 0.000451559584122636 0.000906757999058716 0.00136921059270881 0.00184248556842299 0.0023300799760496 0.00283539520710682 0.00336171187494014 0.00391216399883213 0.00448971245686283 0.00509711772472141 0.00573691197529253 0.0064113706751658 0.0071224838775835 0.0078719274749768 0.00866103473629351 0.0094907685129009 0.0103616945500645 0.0112739563870129 0.0122272523656474 0.0132208152944184 0.0142533953283469 0.0153232466274016 0.0164281183425247 0.0175652504509188 0.018731374919479 0.0199227226175853 0.0211350363283553 0.0223635901217799 0.023603215255228 0.0248483326582816 0.026092991941803 0.0273309167478947 0.0285555561306571 0.0297601415302253 0.0309377487775073 0.0320813644474363 0.0331839557674724 0.034238543188544 0.0352382746404064 0.0361765004250651 0.0370468476526691 0.037843293095895 0.0385602333326262 0.0391925510634486 0.039735676530339 0.0401856430255253 0.0405391355638891 0.0407935318969039 0.0409469351688834 0.0409981976546749 0.0409469351688834 0.0407935318969039 0.0405391355638891 0.0401856430255253 0.039735676530339 0.0391925510634486 0.0385602333326262 0.037843293095895 0.0370468476526691 0.0361765004250651 0.0352382746404064 0.034238543188544 0.0331839557674724 0.0320813644474363 0.0309377487775073 0.0297601415302253 0.0285555561306571 0.0273309167478947 0.026092991941803 0.0248483326582816 0.023603215255228 0.0223635901217799 0.0211350363283553 0.0199227226175853 0.018731374919479 0.0175652504509188 0.0164281183425247 0.0153232466274016 0.0142533953283469 0.0132208152944184 0.0122272523656474 0.0112739563870129 0.0103616945500645 0.0094907685129009 0.00866103473629351 0.0078719274749768 0.0071224838775835 0.0064113706751658 0.00573691197529253 0.00509711772472141 0.00448971245686283 0.00391216399883213 0.00336171187494014 0.00283539520710682 0.0023300799760496 0.00184248556842299 0.00136921059270881 0.000906757999058716 0.000451559584122636 0 
0 0.000512643147756834 0.00102941795231047 0.00155442941082788 0.00209172899818551 0.00264528740975727 0.00321896674087262 0.00381649196758386 0.00444142163665343 0.00509711772472141 0.00578671468612332 0.00651308777426875 0.00727882079113602 0.00808617349140166 0.00893704893999376 0.00983296119233148 0.0107750037330445 0.0117638191694075 0.0127995707279824 0.0138819161450409 0.0150099845714045 0.0161823571287635 0.0173970517559436 0.0186515129689373 0.0199426071270843 0.0212666237492754 0.0226192833585765 0.0239957522517758 0.025390664493075 0.0267981513199273 0.0282118780257913 0.0296250882516345 0.0310306554780715 0.0324211413660714 0.0337888604494674 0.0351259505404764 0.0364244480736028 0.037676367487156 0.0388737836285554 0.0400089160728244 0.0410742141660716 0.0420624415498259 0.0429667588898532 0.0437808035260177 0.0444987647787251 0.0451154536927398 0.0456263660702589 0.046027737740953 0.0463165911354978 0.0464907723685443 0.0465489781942045 0.0464907723685443 0.0463165911354978 0.046027737740953 0.0456263660702589 0.0451154536927398 0.0444987647787251 0.0437808035260177 0.0429667588898532 0.0420624415498259 0.0410742141660716 0.0400089160728244 0.0388737836285554 0.037676367487156 0.0364244480736028 0.0351259505404764 0.0337888604494674 0.0324211413660714 0.0310306554780715 0.0296250882516345 0.0282118780257913 0.0267981513199273 0.025390664493075 0.0239957522517758 0.0226192833585765 0.0212666237492754 0.0199426071270843 0.0186515129689373 0.0173970517559436 0.0161823571287635 0.0150099845714045 0.0138819161450409 0.0127995707279824 0.0117638191694075 0.0107750037330445 0.00983296119233148 0.00893704893999376 0.00808617349140166 0.00727882079113602 0.00651308777426875 0.00578671468612332 0.00509711772472141 0.00444142163665343 0.00381649196758386 0.00321896674087262 0.00264528740975727 0.00209172899818551 0.00155442941082788 0.00102941795231047 0.000512643147756834 0 
0 0.000576982047328118 0.00115861499568381 0.00174951974041844 0.00235425693686478 0.00297729632162191 0.00362298539936521 0.00429551734270403 0.00499889800132902 0.00573691197529253 0.00651308777426875 0.0073306621583192 0.00819254383410375 0.00910127676150307 0.01005900340699 0.0110674283594376 0.0121277827989638 0.0132407903774707 0.0144066351283808 0.0156249320704568 0.0168947012044572 0.0182143456198736 0.019581634430604 0.0209936912419204 0.0224469888157216 0.0239373505464528 0.0254599592863673 0.0270093739666133 0.0285795543511123 0.0301638941349846 0.0317552624605403 0.033346053774189 0.0349282457900614 0.0364934651640671 0.0380330603191964 0.0395381807029706 0.0409998616050077 0.0424091135206454 0.0437570149192682 0.0450348071670266 0.0462339902662546 0.0473464180109137 0.0483643911210872 0.0492807469115809 0.0500889440710484 0.0507831411789972 0.0513582676680679 0.0518100860468608 0.0521352443323477 0.0523313177978799 0.0523968393197027 0.0523313177978799 0.0521352443323477 0.0518100860468608 0.0513582676680679 0.0507831411789972 0.0500889440710484 0.0492807469115809 0.0483643911210872 0.0473464180109137 0.0462339902662545 0.0450348071670266 0.0437570149192682 0.0424091135206454 0.0409998616050077 0.0395381807029706 0.0380330603191964 0.0364934651640671 0.0349282457900614 0.033346053774189 0.0317552624605403 0.0301638941349846 0.0285795543511122 0.0270093739666132 0.0254599592863673 0.0239373505464528 0.0224469888157216 0.0209936912419204 0.019581634430604 0.0182143456198736 0.0168947012044572 0.0156249320704568 0.0144066351283808 0.0132407903774707 0.0121277827989638 0.0110674283594376 0.01005900340699 0.00910127676150307 0.00819254383410375 0.0073306621583192 0.00651308777426875 0.00573691197529253 0.00499889800132902 0.00429551734270403 0.00362298539936521 0.00297729632162191 0.00235425693686478 0.00174951974041844 0.00115861499568381 0.000576982047328118 0 
0 0.000644804933909803 0.00129480829110016 0.00195517496190547 0.00263100251504302 0.00332728691198062 0.00404888751173029 0.00480049119551782 0.00558657549524388 0.0064113706751658 0.00727882079113602 0.00819254383410375 0.00915579115225156 0.0101714064367245 0.0112417846468823 0.0123688313397201 0.013553922951858 0.0147978686585925 0.0161008745002968 0.0174625105194438 0.0188816816893922 0.0203566034367704 0.0218847825610979 0.0234630043368655 0.0250873265437619 0.0267530811097079 0.0284548839689655 0.0301866536345473 0.0319416388617196 0.033712455639434 0.035491133591428 0.0372691717014248 0.0390376031007282 0.0407870684753259 0.0425078974674859 0.0441901972680677 0.0458239474247933 0.047399099732939 0.0489056819326001 0.0503339038148604 0.0516742642415029 0.0529176575124847 0.054055477474801 0.0550797177574507 0.0559830665410825 0.0567589943278417 0.0574018332664017 0.0579068467077646 0.0582702878169456 0.058489446241138 0.0585626820327099 0.058489446241138 0.0582702878169456 0.0579068467077646 0.0574018332664017 0.0567589943278417 0.0559830665410825 0.0550797177574506 0.0540554774748009 0.0529176575124846 0.0516742642415029 0.0503339038148604 0.0489056819326 0.0473990997329389 0.0458239474247933 0.0441901972680677 0.0425078974674859 0.0407870684753259 0.0390376031007282 0.0372691717014248 0.035491133591428 0.033712455639434 0.0319416388617196 0.0301866536345473 0.0284548839689655 0.0267530811097079 0.0250873265437619 0.0234630043368655 0.0218847825610979 0.0203566034367704 0.0188816816893922 0.0174625105194438 0.0161008745002968 0.0147978686585925 0.013553922951858 0.0123688313397201 0.0112417846468823 0.0101714064367245 0.00915579115225156 0.00819254383410375 0.00727882079113602 0.0064113706751658 0.00558657549524388 0.00480049119551782 0.00404888751173029 0.00332728691198062 0.00263100251504302 0.00195517496190547 0.00129480829110016 0.000644804933909803 0 
0 0.000716311761515734 0.0014383993743783 0.00217200143809331 0.00292278176419447 0.0036962912876346 0.00449792918931943 0.00533290304014957 0.00620618783746384 0.0071224838775835 0.00808617349140166 0.00910127676150307 0.0101714064367245 0.011299722360738 0.0124888858323434 0.0137410144137506 0.0150576377962197 0.0164396554169952 0.0178872965946024 0.0194000840084676 0.0209768013909199 0.0226154663226475 0.0243133090247 0.0260667580196758 0.0278714334908225 0.0297221490999682 0.0316129229336605 0.0335369981323897 0.035486873621731 0.0374543452087181 0.039430557134409 0.0414060639876901 0.0433709026896258 0.04531467405632 0.0472266332458576 0.0490957881962333 0.0509110049711655 0.0526611187542332 0.0543350490736167 0.0559219177043372 0.0574111675863118 0.0587926810182799 0.0600568953425292 0.061194914325433 0.0621986134653259 0.0630607375225091 0.0637749886655917 0.0643361037623854 0.064739919509737 0.0649834242916866 0.0650647958751008 0.0649834242916866 0.064739919509737 0.0643361037623854 0.0637749886655916 0.063060737522509 0.0621986134653259 0.061194914325433 0.0600568953425292 0.0587926810182799 0.0574111675863117 0.0559219177043371 0.0543350490736167 0.0526611187542332 0.0509110049711655 0.0490957881962333 0.0472266332458576 0.04531467405632 0.0433709026896258 0.0414060639876901 0.039430557134409 0.0374543452087181 0.035486873621731 0.0335369981323897 0.0316129229336605 0.0297221490999682 0.0278714334908225 0.0260667580196758 0.0243133090247 0.0226154663226475 0.0209768013909199 0.0194000840084676 0.0178872965946024 0.0164396554169952 0.0150576377962197 0.0137410144137506 0.0124888858323434 0.011299722360738 0.0101714064367245 0.00910127676150307 0.00808617349140166 0.0071224838775835 0.00620618783746384 0.00533290304014957 0.00449792918931943 0.0036962912876346 0.00292278176419447 0.00217200143809331 0.0014383993743783 0.000716311761515734 0 
0 0.000791670898223614 0.00158972635399856 0.00240050975375612 0.00323028182725714 0.00408517855098207 0.00497116817900172 0.00589400719155024 0.00685919501844281 0.0078719274749768 0.00893704893999376 0.01005900340699 0.0112417846468823 0.0124888858323434 0.0138032490854108 0.0151872155190875 0.0166424764465785 0.0181700265253235 0.0197701196838473 0.0214422287445838 0.0231850097023836 0.0249962716438775 0.0268729532951224 0.0288111071623578 0.0308058921821723 0.0328515757224294 0.0349415456741074 0.0370683332476331 0.0392236469368994 0.0413984179422146 0.0435828571528999 0.0457665235847015 0.0479384039507845 0.0500870028224751 0.0522004426121411 0.054266572390962 0.0562730843442575 0.0582076364719386 0.0600579799667839 0.0618120895535399 0.0634582949517983 0.0649854115390568 0.0663828682404684 0.067640830660808 0.0687503175034867 0.0697033083913791 0.070492841314133 0.0711130980747849 0.0715594762922116 0.0718286467315387 0.0719185949775909 0.0718286467315387 0.0715594762922116 0.0711130980747849 0.070492841314133 0.0697033083913791 0.0687503175034867 0.067640830660808 0.0663828682404683 0.0649854115390568 0.0634582949517983 0.0618120895535399 0.0600579799667839 0.0582076364719386 0.0562730843442575 0.054266572390962 0.0522004426121411 0.0500870028224751 0.0479384039507845 0.0457665235847015 0.0435828571528999 0.0413984179422146 0.0392236469368994 0.0370683332476331 0.0349415456741074 0.0328515757224294 0.0308058921821723 0.0288111071623578 0.0268729532951224 0.0249962716438775 0.0231850097023836 0.0214422287445838 0.0197701196838473 0.0181700265253235 0.0166424764465785 0.0151872155190875 0.0138032490854108 0.0124888858323434 0.0112417846468823 0.01005900340699 0.00893704893999376 0.0078719274749768 0.00685919501844281 0.00589400719155024 0.00497116817900172 0.00408517855098207 0.00323028182725714 0.00240050975375612 0.00158972635399856 0.000791670898223614 0 
0 0.000871016266209233 0.00174905816789963 0.00264110604280262 0.00355404928694663 0.0044946400378893 0.00546944589723333 0.00648480146140625 0.00754675850334118 0.00866103473629351 0.00983296119233148 0.0110674283594376 0.0123688313397201 0.0137410144137506 0.0151872155190875 0.0167100112710418 0.0183112632670348 0.0199920665188366 0.0217527009459893 0.0235925869354222 0.0255102460235242 0.0275032677849831 0.0295682840152006 0.0317009512682429 0.0338959427588926 0.0361469505548964 0.0384466988741477 0.0407869691622437 0.0431586374603543 0.0455517243841079 0.0479554578245057 0.0503583482556508 0.0527482762959115 0.055112591924135 0.0574382245062385 0.0597118025457561 0.0619197818406924 0.0640485805142916 0.0660847191948546 0.0680149644549651 0.0698264734883409 0.0715069379072586 0.0730447244885652 0.0744290106841915 0.0756499127443207 0.0766986043783287 0.0775674239995587 0.0782499687630507 0.0787411738075286 0.0790373753502258 0.0791363565505371 0.0790373753502258 0.0787411738075286 0.0782499687630507 0.0775674239995587 0.0766986043783287 0.0756499127443207 0.0744290106841915 0.0730447244885652 0.0715069379072586 0.0698264734883409 0.0680149644549651 0.0660847191948546 0.0640485805142916 0.0619197818406924 0.0597118025457561 0.0574382245062385 0.055112591924135 0.0527482762959115 0.0503583482556508 0.0479554578245057 0.0455517243841079 0.0431586374603543 0.0407869691622436 0.0384466988741477 0.0361469505548964 0.0338959427588926 0.0317009512682429 0.0295682840152006 0.027503267784983 0.0255102460235242 0.0235925869354222 0.0217527009459893 0.0199920665188366 0.0183112632670348 0.0167100112710418 0.0151872155190875 0.0137410144137506 0.0123688313397201 0.0110674283594376 0.00983296119233148 0.00866103473629351 0.00754675850334118 0.00648480146140625 0.00546944589723333 0.0044946400378893 0.00355404928694663 0.00264110604280262 0.00174905816789963 0.000871016266209233 0 
0 0.000954444549253742 0.00191658897574603 0.00289408351995492 0.00389447876918738 0.00492517490334553 0.00599336988712988 0.00710600635529376 0.00826971701830598 0.0094907685129009 0.0107750037330445 0.0121277827989638 0.013553922951858 0.0150576377962197 0.0166424764465785 0.0183112632670348 0.0200660390161475 0.0219080043226011 0.0238374665146667 0.0258537909050932 0.0279553576892712 0.0301395256452772 0.0324026038271653 0.0347398324156598 0.0371453738318924 0.039612315129449 0.042132682557942 0.0446974690386506 0.0472966751113638 0.0499193637041433 0.0525537288478759 0.0551871782095037 0.0578064290567562 0.0603976169986391 0.0629464165759566 0.0654381725111375 0.0678580401731609 0.0701911335779704 0.0724226790337639 0.0745381723599132 0.0765235374633951 0.0783652839521744 0.0800506614047361 0.0815678079016963 0.0829058904607384 0.0840552351004768 0.0850074443914181 0.0857555005309183 0.0862938522006569 0.0866184837252418 0.0867269653436794 0.0866184837252418 0.0862938522006569 0.0857555005309183 0.0850074443914181 0.0840552351004768 0.0829058904607384 0.0815678079016963 0.0800506614047361 0.0783652839521744 0.0765235374633951 0.0745381723599131 0.0724226790337639 0.0701911335779704 0.0678580401731609 0.0654381725111375 0.0629464165759566 0.0603976169986391 0.0578064290567562 0.0551871782095037 0.0525537288478759 0.0499193637041433 0.0472966751113638 0.0446974690386506 0.042132682557942 0.039612315129449 0.0371453738318924 0.0347398324156598 0.0324026038271653 0.0301395256452772 0.0279553576892712 0.0258537909050932 0.0238374665146667 0.0219080043226011 0.0200660390161475 0.0183112632670348 0.0166424764465785 0.0150576377962197 0.013553922951858 0.0121277827989638 0.0107750037330445 0.0094907685129009 0.00826971701830598 0.00710600635529376 0.00599336988712988 0.00492517490334553 0.00389447876918738 0.00289408351995492 0.00191658897574603 0.000954444549253742 0 
0 0.00104201251162814 0.00209243277483241 0.00315961435008279 0.00425180200084191 0.00537707628152984 0.00654329697436008 0.00775804509815301 0.00902856330041729 0.0103616945500645 0.0117638191694075 0.0132407903774707 0.0147978686585925 0.0164396554169952 0.0181700265253235 0.0199920665188366 0.0219080043226011 0.0239191515223026 0.0260258442959001 0.0282273902092295 0.0305220211400737 0.0329068536288373 0.0353778579570046 0.0379298372248602 0.0405564176360787 0.0432500510981027 0.0460020311139593 0.0488025227744442 0.0516406074614929 0.0545043426470522 0.0573808369207423 0.0602563401087826 0.063116348061539 0.0659457213937325 0.0687288171664946 0.0714496322110239 0.0740919565167569 0.0766395348498561 0.0790762345373628 0.0813862171550655 0.0835541116988991 0.0855651867056043 0.0874055187225709 0.089062154512273 0.0905232644152689 0.0917782843878448 0.0928180443751559 0.093634880875906 0.0942227317966377 0.0945772119777605 0.0946956680935685 0.0945772119777605 0.0942227317966377 0.093634880875906 0.0928180443751559 0.0917782843878448 0.0905232644152689 0.089062154512273 0.0874055187225709 0.0855651867056043 0.0835541116988991 0.0813862171550655 0.0790762345373628 0.076639534849856 0.0740919565167568 0.0714496322110239 0.0687288171664946 0.0659457213937325 0.063116348061539 0.0602563401087826 0.0573808369207422 0.0545043426470522 0.0516406074614928 0.0488025227744442 0.0460020311139593 0.0432500510981027 0.0405564176360787 0.0379298372248602 0.0353778579570046 0.0329068536288373 0.0305220211400737 0.0282273902092295 0.0260258442959001 0.0239191515223026 0.0219080043226011 0.0199920665188366 0.0181700265253235 0.0164396554169952 0.0147978686585925 0.0132407903774707 0.0117638191694075 0.0103616945500645 0.00902856330041729 0.00775804509815301 0.00654329697436008 0.00537707628152984 0.00425180200084191 0.00315961435008279 0.00209243277483241 0.00104201251162814 0 
0 0.00113373447687696 0.00227661833706438 0.00343774200233979 0.00462607751976848 0.00585041827076222 0.00711931742670268 0.00844102484957992 0.00982342223208014 0.0112739563870129 0.0127995707279824 0.0144066351283808 0.0161008745002968 0.0178872965946024 0.0197701196838473 0.0217527009459893 0.0238374665146667 0.0260258442959001 0.0283182007671697 0.0307137830683081 0.0332106677605158 0.0358057176664251 0.0384945482074711 0.0412715046225364 0.0441296513823341 0.047060775006614 0.0500554013462437 0.0531028282107797 0.0561911740065359 0.0593074428036412 0.0624376059773705 0.0655667002742887 0.0686789418434155 0.0717578554533808 0.0747864177956058 0.0777472134585178 0.0806226018564801 0.0833948931172621 0.0860465306810246 0.0885602781490424 0.0909194077481371 0.0931078876526034 0.0951105653337674 0.0969133440915018 0.0985033499639734 0.0998690863121413 0.101000573533079 0.101889471568631 0.102529183139332 0.102914935942686 0.103043842403324 0.102914935942686 0.102529183139332 0.101889471568631 0.101000573533079 0.0998690863121413 0.0985033499639734 0.0969133440915018 0.0951105653337674 0.0931078876526034 0.0909194077481371 0.0885602781490424 0.0860465306810246 0.083394893117262 0.0806226018564801 0.0777472134585177 0.0747864177956058 0.0717578554533808 0.0686789418434155 0.0655667002742887 0.0624376059773705 0.0593074428036411 0.0561911740065359 0.0531028282107797 0.0500554013462437 0.047060775006614 0.0441296513823341 0.0412715046225364 0.0384945482074711 0.0358057176664251 0.0332106677605158 0.0307137830683081 0.0283182007671697 0.0260258442959001 0.0238374665146667 0.0217527009459893 0.0197701196838473 0.0178872965946024 0.0161008745002968 0.0144066351283808 0.0127995707279824 0.0112739563870129 0.00982342223208014 0.00844102484957992 0.00711931742670268 0.00585041827076222 0.00462607751976848 0.00343774200233979 0.00227661833706438 0.00113373447687696 0 
0 0.0012295800187402 0.00246908457192068 0.00372837424752205 0.00501718125041237 0.00634504401300716 0.0077212404454756 0.00915471949814675 0.0106540308129073 0.0122272523656474 0.0138819161450409 0.0156249320704568 0.0174625105194438 0.0194000840084676 0.0214422287445838 0.0235925869354222 0.0258537909050932 0.0282273902092295 0.0307137830683081 0.0333121535398578 0.0360204159227313 0.0388351679263723 0.0417516541416582 0.0447637413148873 0.047863906851109 0.0510432418565181 0.054291469872315 0.057596982255609 0.0609468909290447 0.0643270989533984 0.0677223890809945 0.0711165301280248 0.0744924006671734 0.0778321291955989 0.0811172495851331 0.0843288702797663 0.0874478553785615 0.0904550154385007 0.0933313055595985 0.0960580280816048 0.0986170370347233 0.100990941352014 0.1031633037734 0.105118832354017 0.106843561535148 0.108325019844717 0.10955238146524 0.1105165991376 0.111210516154787 0.111628955535171 0.111768784842865 0.111628955535171 0.111210516154787 0.1105165991376 0.10955238146524 0.108325019844717 0.106843561535148 0.105118832354017 0.1031633037734 0.100990941352014 0.0986170370347233 0.0960580280816048 0.0933313055595985 0.0904550154385007 0.0874478553785615 0.0843288702797663 0.081117249585133 0.0778321291955988 0.0744924006671734 0.0711165301280248 0.0677223890809945 0.0643270989533984 0.0609468909290447 0.0575969822556089 0.0542914698723149 0.0510432418565181 0.047863906851109 0.0447637413148873 0.0417516541416582 0.0388351679263723 0.0360204159227313 0.0333121535398578 0.0307137830683081 0.0282273902092295 0.0258537909050932 0.0235925869354222 0.0214422287445838 0.0194000840084676 0.0174625105194438 0.0156249320704568 0.0138819161450409 0.0122272523656474 0.0106540308129073 0.00915471949814675 0.0077212404454756 0.00634504401300716 0.00501718125041237 0.00372837424752205 0.00246908457192068 0.0012295800187402 0 
0 0.00132947191910729 0.00266967642563219 0.00403127696512127 0.00542479816897266 0.00686055515130678 0.00834858133373463 0.00989855444375947 0.0115197204451878 0.0132208152944184 0.0150099845714045 0.0168947012044572 0.0188816816893922 0.0209768013909199 0.0231850097023836 0.0255102460235242 0.0279553576892712 0.0305220211400737 0.0332106677605158 0.0360204159227313 0.0389490108496537 0.041992773956167 0.0451465633301993 0.0484037469779604 0.0517561903760364 0.0551942597470973 0.058706842305842 0.062281384508938 0.0659039490897529 0.0695592913694268 0.0732309550152622 0.0769013870715519 0.0805520717238099 0.0841636818827509 0.0877162472977471 0.0911893375397994 0.0945622578404326 0.0978142554444904 0.100924733840401 0.103873471979438 0.106640845393319 0.109208045973725 0.111557297093179 0.113672060728146 0.115537233294393 0.117139327022259 0.118466633884309 0.119509369337156 0.120259793448295 0.120712307341594 0.120863523303937 0.120712307341594 0.120259793448295 0.119509369337156 0.118466633884309 0.117139327022259 0.115537233294393 0.113672060728146 0.111557297093179 0.109208045973725 0.106640845393319 0.103873471979438 0.100924733840401 0.0978142554444904 0.0945622578404326 0.0911893375397993 0.0877162472977471 0.0841636818827509 0.0805520717238099 0.0769013870715519 0.0732309550152622 0.0695592913694268 0.0659039490897529 0.0622813845089379 0.058706842305842 0.0551942597470973 0.0517561903760364 0.0484037469779604 0.0451465633301993 0.041992773956167 0.0389490108496537 0.0360204159227313 0.0332106677605158 0.0305220211400737 0.0279553576892712 0.0255102460235242 0.0231850097023836 0.0209768013909199 0.0188816816893922 0.0168947012044572 0.0150099845714045 0.0132208152944184 0.0115197204451878 0.00989855444375947 0.00834858133373463 0.00686055515130678 0.00542479816897266 0.00403127696512127 0.00266967642563219 0.00132947191910729 0 
