T:5 dt0.0033333333 h-step-xy:0.1
0 0 0 0 0 0 0 0 0 0 0 
0 1.94266732776263e-43 3.69517284212468e-43 5.08596909291649e-43 5.97891525286329e-43 6.28660353030773e-43 5.97891525286328e-43 5.08596909291649e-43 3.69517284212468e-43 1.94266732776263e-43 0 
0 3.69517284212468e-43 7.02863642067912e-43 9.67408809498797e-43 1.13725726232242e-42 1.19578305057266e-42 1.13725726232242e-42 9.67408809498797e-43 7.02863642067912e-43 3.69517284212468e-43 0 
0 5.08596909291649e-43 9.67408809498797e-43 1.33152399509869e-42 1.56530033478513e-42 1.64585417161407e-42 1.56530033478513e-42 1.33152399509869e-42 9.67408809498797e-43 5.0859690929165e-43 0 
0 5.97891525286328e-43 1.13725726232242e-42 1.56530033478513e-42 1.84012090439034e-42 1.93481761899759e-42 1.84012090439034e-42 1.56530033478513e-42 1.13725726232242e-42 5.97891525286329e-43 0 
0 6.28660353030773e-43 1.19578305057266e-42 1.64585417161407e-42 1.93481761899759e-42 2.0343876371666e-42 1.93481761899759e-42 1.64585417161407e-42 1.19578305057266e-42 6.28660353030773e-43 0 
0 5.97891525286328e-43 1.13725726232242e-42 1.56530033478513e-42 1.84012090439034e-42 1.93481761899759e-42 1.84012090439034e-42 1.56530033478513e-42 1.13725726232242e-42 5.97891525286329e-43 0 
0 5.08596909291649e-43 9.67408809498797e-43 1.33152399509869e-42 1.56530033478513e-42 1.64585417161407e-42 1.56530033478513e-42 1.33152399509869e-42 9.67408809498797e-43 5.0859690929165e-43 0 
0 3.69517284212468e-43 7.02863642067912e-43 9.67408809498797e-43 1.13725726232242e-42 1.19578305057266e-42 1.13725726232242e-42 9.67408809498797e-43 7.02863642067912e-43 3.69517284212468e-43 0 
0 1.94266732776263e-43 3.69517284212468e-43 5.08596909291649e-43 5.97891525286329e-43 6.28660353030773e-43 5.97891525286328e-43 5.08596909291649e-43 3.69517284212468e-43 1.94266732776263e-43 0 
0 0 0 0 0 0 0 0 0 0 0 
