T:1 dt3.3333333e-05 h-step-xy:0.01
0 0 0 0 0 0 0 0 0 0 0 0 0 0 0 0 0 0 0 0 0 0 0 0 0 0 0 0 0 0 0 0 0 0 0 0 0 0 0 0 0 0 0 0 0 0 0 0 0 0 0 0 0 0 0 0 0 0 0 0 0 0 0 0 0 0 0 0 0 0 0 0 0 0 0 0 0 0 0 0 0 0 0 0 0 0 0 0 0 0 0 0 0 0 0 0 0 0 0 0 0 
0 3.37760368755819e-06 4.94384894428582e-06 6.38909746657724e-06 8.08023417172302e-06 1.01422936772891e-05 1.26622028183715e-05 1.5728589297872e-05 1.94402162685536e-05 2.39082060877301e-05 2.92568838664156e-05 3.56241414071478e-05 4.31614477528721e-05 5.20334767543937e-05 6.24172907801992e-05 7.4501015841362e-05 8.8481948529862e-05 0.000104564049269023 0.000122954820843482 0.000143861783637182 0.000167490014118098 0.000194050142053404 0.000223837605398752 0.000257783342577478 0.000301156768359389 0.00038870802582609 0.000439364113717452 0.000494144747554527 0.000552983677887441 0.000615742271469671 0.000682203830923922 0.000752069308688865 0.000824954708064989 0.000900390434633326 0.000977822817589007 0.00105661796317925 0.00113606803279596 0.00121539995844698 0.00129378652113581 0.00137035962655867 0.00144422552139917 0.00151448160657765 0.00158023442538573 0.00164061833863717 0.00169481434952575 0.00174206851089747 0.00178170933937975 0.00181316367552338 0.00183597046695119 0.00184979201145679 0.00185442227690565 0.00184979201145679 0.00183597046695119 0.00181316367552338 0.00178170933937975 0.00174206851089747 0.00169481434952575 0.00164061833863716 0.00158023442538573 0.00151448160657765 0.00144422552139917 0.00137035962655867 0.00129378652113581 0.00121539995844698 0.00113606803279596 0.00105661796317925 0.000977822817589007 0.000900390434633325 0.000824954708064988 0.000752069308688865 0.000682203830923922 0.000615742271469672 0.000552983677887441 0.000494144747554527 0.000439364113717452 0.00038870802582609 0.000342177115816625 0.00029971393972778 0.000261210993645738 0.000226518922733897 0.000195454669996102 0.000167809345290465 0.000143355632788464 0.000121854594494638 0.000103061766732779 8.67324840535554e-05 7.26263995219575e-05 6.05112008254987e-05 5.01655474604004e-05 4.13812750696575e-05 3.3964928771028e-05 2.77386982097062e-05 2.2540833474755e-05 1.82256234444971e-05 1.46630171779719e-05 1.17379652952029e-05 9.34955254038855e-06 7.40998552238948e-06 5.84349154517113e-06 4.58517597477856e-06 0 
0 4.94384894428582e-06 7.30976682035191e-06 9.4696425828634e-06 1.19815904370292e-05 1.50397228653205e-05 1.87754852195238e-05 2.33208356646875e-05 2.88222180700082e-05 3.54442478500225e-05 4.3371053256947e-05 5.28068330217742e-05 6.39758737273619e-05 7.71219962711881e-05 9.25073442997667e-05 0.000110410419418806 0.000131123274400313 0.000154947792025903 0.000182191014632776 0.000213159614627296 0.000248154163147794 0.000287466606655286 0.00033139677222317 0.000380347205100862 0.000435074662662282 0.000495381654913389 0.00055993935628251 0.000629753507893458 0.000704739679377072 0.000784721192191813 0.000869421880428443 0.000958460628529818 0.00105134805910251 0.00114748570634454 0.00124616795488045 0.00134658695070304 0.00144784060217078 0.00154894368727675 0.0016488419722819 0.00174642913067829 0.00184056613531044 0.00193010268570578 0.00201390013271537 0.00209085527870977 0.00215992436856618 0.00222014654847132 0.00227066605903186 0.00231075244793499 0.00233981813562374 0.00235743274385339 0.00236333369883333 0.00235743274385339 0.00233981813562374 0.00231075244793499 0.00227066605903186 0.00222014654847132 0.00215992436856618 0.00209085527870977 0.00201390013271537 0.00193010268570578 0.00184056613531044 0.00174642913067829 0.0016488419722819 0.00154894368727675 0.00144784060217078 0.00134658695070303 0.00124616795488045 0.00114748570634454 0.0010513480591025 0.000958460628529818 0.000869421880428443 0.000784721192191814 0.000704739679377072 0.000629753507893458 0.00055993935628251 0.000495381654913389 0.000436081209145317 0.000381964810598964 0.000332895452927155 0.000288682793658912 0.000249093539237956 0.000213861473539823 0.000182696898169214 0.000155295303078103 0.000131345136118244 0.000110534587995419 9.25573530650097e-05 7.71173652564189e-05 6.39325413149247e-05 5.27375900789986e-05 4.32859666014078e-05 3.5351063809563e-05 2.87267425624166e-05 2.32273040531525e-05 1.86870072986274e-05 1.49592297738023e-05 1.19153619231664e-05 9.44351710558167e-06 7.44712822938831e-06 5.84349154517113e-06 0 
0 6.38909746657724e-06 9.4696425828634e-06 1.22764920393405e-05 1.55354476697981e-05 1.95010014019946e-05 2.43446132924046e-05 3.02376449059512e-05 3.73699990195438e-05 4.59550661067832e-05 5.62315082561938e-05 6.84639925239671e-05 8.29432151009246e-05 9.99851833475375e-05 0.000119929644433144 0.000143137537403948 0.000169987352472883 0.000200870296644901 0.000236184180425111 0.000276325920353853 0.000321682288920013 0.0003726167881859 0.000429439629625821 0.000492281226446211 0.000560393382826383 0.000628181090464477 0.000710045097420941 0.00079857467750094 0.000893662766664373 0.000995085323270244 0.00110249214823408 0.00121539995844698 0.00133318818667234 0.00145509793339025 0.00158023442538573 0.00170757324319118 0.00183597046695119 0.00196417676127247 0.00209085527870977 0.00221460311428009 0.00233397589612689 0.00244751495698211 0.00255377640432987 0.00265136130083975 0.00273894608673776 0.0028153123273277 0.00287937485551962 0.00293020740299931 0.00296706487482195 0.00298940151909622 0.00299688437256347 0.00298940151909622 0.00296706487482195 0.00293020740299931 0.00287937485551962 0.0028153123273277 0.00273894608673776 0.00265136130083975 0.00255377640432987 0.00244751495698211 0.00233397589612689 0.00221460311428009 0.00209085527870977 0.00196417676127247 0.00183597046695119 0.00170757324319118 0.00158023442538573 0.00145509793339025 0.00133318818667234 0.00121539995844698 0.00110249214823408 0.000995085323270244 0.000893662766664373 0.00079857467750094 0.000710045097420941 0.000628181090464477 0.000552983677887441 0.000484360025974449 0.000422136400402248 0.000366071432642561 0.00031586928896976 0.00027119238737267 0.0002316733685596 0.000196926090952379 0.000166555483061619 0.000140166147317554 0.00011736966519087 9.7790602700042e-05 8.10712571227459e-05 6.68752193701764e-05 5.48898519591633e-05 4.48278001268601e-05 3.64276639826443e-05 2.94539635126584e-05 2.36965267202351e-05 1.89694252474059e-05 1.51095725324795e-05 1.19750879233536e-05 9.44351710558167e-06 7.40998552238948e-06 0 
0 8.08023417172302e-06 1.19815904370292e-05 1.55354476697981e-05 1.96603322127839e-05 2.46789502442214e-05 3.08085813586573e-05 3.82661758270469e-05 4.72920721061313e-05 5.81563072411421e-05 7.11608900281696e-05 8.6640733178348e-05 0.000104963684739368 0.00012652961952738 0.000151768450408147 0.000181136903550139 0.000215113909676167 0.00025419447873327 0.000298881925665443 0.000349678196386541 0.000407071283843264 0.000471514694172494 0.000543373419318723 0.000622708289647068 0.000708265666549385 0.000792607771287829 0.000895899718605882 0.00100760195578779 0.00112757939473318 0.0012555493508015 0.00139106996014163 0.00153353144007517 0.00168215078961435 0.00183597046695119 0.00199386149158228 0.00215453130178713 0.00231653655617758 0.00247830090526349 0.0026381375811841 0.0027942764679509 0.00294489512872922 0.00308815308944247 0.00322222851806425 0.0033453563047935 0.00345586644749456 0.00355222158564568 0.00363305250918673 0.00369719049865879 0.00374369543018266 0.00377187870106588 0.00378132019476823 0.00377187870106588 0.00374369543018266 0.00369719049865879 0.00363305250918673 0.00355222158564568 0.00345586644749456 0.0033453563047935 0.00322222851806425 0.00308815308944247 0.00294489512872922 0.0027942764679509 0.0026381375811841 0.00247830090526349 0.00231653655617758 0.00215453130178713 0.00199386149158227 0.00183597046695119 0.00168215078961435 0.00153353144007517 0.00139106996014163 0.00125554935080151 0.00112757939473318 0.00100760195578779 0.000895899718605882 0.000792607771287829 0.000697727402403712 0.00061114147897171 0.000532630791631911 0.000461890793536025 0.000398548216348689 0.000342177115816625 0.000292313976189566 0.000248471583158895 0.000210151455096534 0.000176854698942343 0.000148091227443585 0.000123387336606492 0.000102291694861509 8.43798378906751e-05 6.92572952100529e-05 5.65614968193571e-05 4.59626212899165e-05 3.7163551609138e-05 2.98991031664142e-05 2.39346807730878e-05 1.90645098871495e-05 1.51095725324795e-05 1.19153619231664e-05 9.34955254038854e-06 0 
0 1.01422936772891e-05 1.50397228653205e-05 1.95010014019946e-05 2.46789502442214e-05 3.09786944168506e-05 3.86730206476856e-05 4.80342775911744e-05 5.93641587854369e-05 7.30016319888397e-05 8.93257958913445e-05 0.000108757051284906 0.000131757140784398 0.000158828008377128 0.000190509303015613 0.000227374330535683 0.000270024267687272 0.000319080469669691 0.00037517469554448 0.000438936897393354 0.000510979158377733 0.000591868987251494 0.000682058946889943 0.000781613278300028 0.00088896801487328 0.000995085323270244 0.00112476396699739 0.0012650013717046 0.00141562794003123 0.00157628877344222 0.00174642913067828 0.00192528345553924 0.00211186872360962 0.00230498278190273 0.00250320824344623 0.0027049223520118 0.00290831305391555 0.00311140130946244 0.00331206945339254 0.00350809518041884 0.00369719049865879 0.00387704477124025 0.00404537076559169 0.00419995246148138 0.00433869324230372 0.00445966301735407 0.00456114280167588 0.00464166531772945 0.00470005027999635 0.0047354331771033 0.00474728657061431 0.0047354331771033 0.00470005027999635 0.00464166531772945 0.00456114280167588 0.00445966301735407 0.00433869324230372 0.00419995246148138 0.00404537076559169 0.00387704477124025 0.00369719049865879 0.00350809518041884 0.00331206945339254 0.00311140130946244 0.00290831305391555 0.0027049223520118 0.00250320824344623 0.00230498278190273 0.00211186872360962 0.00192528345553923 0.00174642913067828 0.00157628877344222 0.00141562794003123 0.0012650013717046 0.00112476396699739 0.000995085323270244 0.000875967058268063 0.000767262116517375 0.000668695289996414 0.000579884233098741 0.0005003603233157 0.000429588805765592 0.000366987756151301 0.000311945497644321 0.000263836207776099 0.000222033547542642 0.000185922233256369 0.000154907549714068 0.00012842286933894 0.000105935295245095 8.69495865287088e-05 7.10105519854914e-05 5.77041148490272e-05 4.66572573553788e-05 3.7537051512251e-05 3.00489730447132e-05 2.39346807730879e-05 1.89694252474059e-05 1.49592297738023e-05 1.17379652952029e-05 0 
0 1.26622028183715e-05 1.87754852195238e-05 2.43446132924046e-05 3.08085813586573e-05 3.86730206476856e-05 4.82784366303636e-05 5.99648158119144e-05 7.41087852648309e-05 9.113350604748e-05 0.000111512238351369 0.000135769803404967 0.000164482633072562 0.0001982773461703 0.000237827632019229 0.00028384919686883 0.000337092540601065 0.000398333352789855 0.000468360307628966 0.000547959814147947 0.000637895970208918 0.000738877412024065 0.000851471073370111 0.000975771347137776 0.00110991066118912 0.00124305642602491 0.00140505044566682 0.00158023442538573 0.00176839650486767 0.00196909334634627 0.00218163196935944 0.00240505604430218 0.0026381375811841 0.00287937485551962 0.00312699727342809 0.00337897769461275 0.00363305250918673 0.00388674950903604 0.00413742331557058 0.00438229783431582 0.00461851491537667 0.00484318812083174 0.0050534602493141 0.00524656305761401 0.00541987746103235 0.00557099239832932 0.00569776052068318 0.00579834891112505 0.00587128316191932 0.00591548332907246 0.00593029053869508 0.00591548332907246 0.00587128316191932 0.00579834891112505 0.00569776052068318 0.00557099239832932 0.00541987746103234 0.00524656305761401 0.0050534602493141 0.00484318812083174 0.00461851491537667 0.00438229783431582 0.00413742331557058 0.00388674950903604 0.00363305250918673 0.00337897769461275 0.00312699727342808 0.00287937485551962 0.0026381375811841 0.00240505604430217 0.00218163196935944 0.00196909334634627 0.00176839650486767 0.00158023442538573 0.00140505044566682 0.00124305642602491 0.00109425438734014 0.000958460628529818 0.000835331360883602 0.000724388959868272 0.000625048024205022 0.000536640540331093 0.000458439570847179 0.000389681011616129 0.000329583087826384 0.000277363379412472 0.00023225327656397 0.000193509863535139 0.000160425311525746 0.000132333927973631 0.000108617060012016 8.87060846913612e-05 7.2083739046046e-05 5.82840508447039e-05 4.68911278311151e-05 3.7537051512251e-05 2.98991031664143e-05 2.36965267202351e-05 1.86870072986274e-05 1.46630171779719e-05 0 
0 1.5728589297872e-05 2.33208356646875e-05 3.02376449059512e-05 3.82661758270469e-05 4.80342775911744e-05 5.99648158119144e-05 7.44800586629195e-05 9.20477990708468e-05 0.000113193632653236 0.000138505383079745 0.000168634917205039 0.000204298206571033 0.000246273559117767 0.00029539774838795 0.000352559736688419 0.000418691703382345 0.000494757116780876 0.000581735578378942 0.000680603902811108 0.000792311334297616 0.000917738973733113 0.00105759572488819 0.00121202253151572 0.00137881567826743 0.00154507616447639 0.00174642913067829 0.00196417676127247 0.00219805572121282 0.00244751495698211 0.00271169311782265 0.00298940151909622 0.00327911381169698 0.00357896340400471 0.00388674950903605 0.00419995246148138 0.00451575867250542 0.00483109527288795 0.00514267414849349 0.00544704470986117 0.00574065437547903 0.00601991540279637 0.00628127638928895 0.0065212965043466 0.00673672031623134 0.00692455095917371 0.00708211935282316 0.00720714724475224 0.00729780199711657 0.00735274127686638 0.00737114612653477 0.00735274127686638 0.00729780199711657 0.00720714724475224 0.00708211935282316 0.00692455095917371 0.00673672031623134 0.00652129650434659 0.00628127638928895 0.00601991540279637 0.00574065437547903 0.00544704470986117 0.00514267414849349 0.00483109527288795 0.00451575867250542 0.00419995246148138 0.00388674950903604 0.00357896340400471 0.00327911381169698 0.00298940151909622 0.00271169311782265 0.00244751495698211 0.00219805572121282 0.00196417676127247 0.00174642913067829 0.00154507616447639 0.00136012037455096 0.00119133342680682 0.00103828800376196 0.000900390434633325 0.000776913085868954 0.000667025639703898 0.000569824538081404 0.000484360025974448 0.000409660384318606 0.00034475309202114 0.000288682793658912 0.000240526070642937 0.00019940311624451 0.000164486497622189 0.000135007250649703 0.000110258596658347 8.95975956638917e-05 7.24450602916379e-05 5.82840508447039e-05 4.66572573553788e-05 3.71635516091381e-05 2.94539635126585e-05 2.32273040531525e-05 1.82256234444971e-05 0 
0 1.94402162685536e-05 2.88222180700082e-05 3.73699990195438e-05 4.72920721061313e-05 5.93641587854369e-05 7.41087852648309e-05 9.20477990708468e-05 0.000113759329923265 0.000139892950399543 0.00017117514139946 0.000208411534512956 0.000252486987868334 0.000304363400766277 0.000365074929913499 0.000435720232116386 0.000517451376650234 0.000611459104991644 0.000718954107187431 0.000841143673741557 0.000979201235723306 0.00113421704102194 0.00130707348431249 0.00149797468989622 0.00170433926703791 0.00191089784310183 0.00215992436856618 0.0024292272593942 0.00271848083172432 0.00302700356123967 0.00335373015851125 0.00369719049865879 0.00405549684483072 0.00442634065976329 0.00480700008469229 0.00519435888294528 0.00558493730319326 0.00597493492491325 0.00636028511996495 0.00673672031623134 0.00709984680128275 0.00744522737670827 0.00776846978821028 0.00806531853308762 0.00833174740368174 0.00856404997796204 0.00875892522779659 0.00891355548778498 0.00902567421354283 0.00909362125304108 0.00911638374743621 0.00909362125304108 0.00902567421354283 0.00891355548778498 0.00875892522779659 0.00856404997796204 0.00833174740368173 0.00806531853308761 0.00776846978821028 0.00744522737670827 0.00709984680128275 0.00673672031623134 0.00636028511996495 0.00597493492491325 0.00558493730319326 0.00519435888294528 0.00480700008469229 0.00442634065976329 0.00405549684483072 0.00369719049865879 0.00335373015851125 0.00302700356123967 0.00271848083172432 0.0024292272593942 0.00215992436856618 0.00191089784310183 0.00168215078961435 0.00147340081223228 0.00128411941917414 0.00111357237853282 0.00096085977778816 0.000824954708064988 0.000704739679377071 0.000599040066890799 0.000506654081395384 0.0004263789417586 0.000357033096766703 0.000297474493600194 0.00024661501711053 0.00020343132639816 0.000166972392689167 0.000136364096076306 0.000110811270174025 8.95975956638917e-05 7.2083739046046e-05 5.77041148490272e-05 4.59626212899167e-05 3.64276639826443e-05 2.87267425624167e-05 2.2540833474755e-05 0 
0 2.39082060877301e-05 3.54442478500225e-05 4.59550661067832e-05 5.81563072411421e-05 7.30016319888397e-05 9.113350604748e-05 0.000113193632653236 0.000139892950399543 0.000172030260591919 0.000210498943736477 0.000256289715923379 0.000310490721896479 0.000374284847663755 0.000448943837823774 0.000535818756286746 0.00063632635187511 0.000751930933650567 0.000884121355068657 0.00103438234627409 0.00120415726763754 0.00139478845778626 0.00160736867685866 0.00184218510971056 0.00209623428915686 0.00235154652283576 0.00265799799650482 0.00298940151909622 0.0033453563047935 0.00372502367132836 0.0041270926759617 0.00454975418637239 0.00499068515790088 0.00544704470986117 0.00591548332907246 0.00639216618180051 0.00687281109400468 0.00735274127686636 0.00782695234708087 0.00829019264014455 0.00873705526357297 0.00916207981113253 0.00955986118471279 0.0099251625724057 0.0102530293322591 0.0105389003497845 0.0107787133872996 0.0109690010321956 0.0111069740801283 0.0111905895518009 0.0112186010254331 0.0111905895518009 0.0111069740801283 0.0109690010321956 0.0107787133872996 0.0105389003497845 0.0102530293322591 0.00992516257240569 0.00955986118471279 0.00916207981113253 0.00873705526357297 0.00829019264014455 0.00782695234708087 0.00735274127686636 0.00687281109400468 0.0063921661818005 0.00591548332907245 0.00544704470986116 0.00499068515790088 0.00454975418637238 0.0041270926759617 0.00372502367132837 0.0033453563047935 0.00298940151909622 0.00265799799650482 0.00235154652283576 0.00207005092108018 0.00181316367552338 0.00158023442538572 0.00137035962655867 0.00118243184874958 0.00101518738024126 0.000867251040408042 0.000737177338611553 0.000623487355792873 0.000524700952236827 0.000439364113717451 0.000366071432642561 0.000303483876994698 0.000250342125799328 0.000205475845218616 0.000167809345290465 0.000136364096076306 0.000110258596658347 8.87060846913611e-05 7.10105519854913e-05 5.65614968193572e-05 4.48278001268601e-05 3.5351063809563e-05 2.77386982097062e-05 0 
0 2.92568838664156e-05 4.3371053256947e-05 5.62315082561938e-05 7.11608900281696e-05 8.93257958913445e-05 0.000111512238351369 0.000138505383079745 0.00017117514139946 0.000210498943736477 0.000257569952584731 0.000313600433919757 0.000379921870835792 0.000457981675232073 0.000549335989750063 0.000655638015481472 0.000778621329159607 0.000920077707783899 0.00108182897714439 0.00126569198674707 0.0014734332874304 0.00170669733930964 0.00196683041004411 0.00225422708549209 0.00256541636127325 0.00287937485551962 0.00325461245305417 0.00366040283853614 0.00409625526573058 0.00456114280167587 0.0050534602493141 0.00557099239832932 0.00611089477325999 0.00666968882909948 0.00724327322065333 0.00782695234708087 0.00841548285719181 0.00900313820975121 0.00958379073715182 0.0101510099858285 0.0106981754317494 0.0112186010254331 0.0117056684399871 0.0121529654082567 0.0125544251689355 0.0129044628193885 0.0131981043117175 0.0134311039375847 0.0136000464276008 0.0137024302351625 0.0137367291665506 0.0137024302351625 0.0136000464276008 0.0134311039375847 0.0131981043117175 0.0129044628193885 0.0125544251689354 0.0121529654082567 0.0117056684399871 0.0112186010254331 0.0106981754317494 0.0101510099858285 0.00958379073715182 0.00900313820975121 0.00841548285719181 0.00782695234708087 0.00724327322065332 0.00666968882909947 0.00611089477325998 0.00557099239832931 0.00505346024931409 0.00456114280167588 0.00409625526573058 0.00366040283853614 0.00325461245305417 0.00287937485551962 0.00253469472703253 0.00222014654847132 0.00193493397902038 0.00167795066498367 0.00144784060217078 0.00124305642602491 0.0010619142827601 0.000902644226786248 0.000763435380746578 0.000642475372639455 0.000537983820081985 0.000448239857574211 0.000371603893858057 0.000306533940665846 0.000251596970926883 0.000205475845218616 0.000166972392689167 0.000135007250649702 0.000108617060012016 8.69495865287088e-05 6.9257295210053e-05 5.48898519591633e-05 4.32859666014078e-05 3.3964928771028e-05 0 
0 3.56241414071478e-05 5.28068330217742e-05 6.84639925239671e-05 8.6640733178348e-05 0.000108757051284906 0.000135769803404967 0.000168634917205039 0.000208411534512956 0.000256289715923379 0.000313600433919757 0.000381819676096858 0.000462568583228064 0.000557609445652268 0.000668836939467169 0.000798263915255521 0.000948001086737032 0.00112023003417398 0.00131716894213077 0.00154103001830589 0.00179396461180619 0.00207797722495571 0.00239471783158723 0.00274471807200273 0.00312399411764659 0.00350809518041884 0.00396526705746691 0.00445966301735407 0.00499068515790088 0.00555708231218601 0.00615689878345407 0.00678743566342709 0.00744522737670826 0.00812603582732712 0.0088248641287955 0.0095359913814373 0.0102530293322591 0.0109690010321957 0.0116764408186366 0.0123675141287715 0.0130341548268548 0.013668216944008 0.0142616370213767 0.0148066026536196 0.0152957223835045 0.0157221918277888 0.0160799508399701 0.0163638266482821 0.0165696582487968 0.0166943978745429 0.0167361860827248 0.0166943978745429 0.0165696582487968 0.0163638266482821 0.0160799508399701 0.0157221918277888 0.0152957223835045 0.0148066026536196 0.0142616370213767 0.013668216944008 0.0130341548268548 0.0123675141287715 0.0116764408186366 0.0109690010321957 0.0102530293322591 0.00953599138143729 0.00882486412879549 0.00812603582732711 0.00744522737670825 0.00678743566342709 0.00615689878345406 0.00555708231218602 0.00499068515790088 0.00445966301735407 0.00396526705746691 0.00350809518041884 0.00308815308944247 0.0027049223520118 0.00235743274385338 0.0020443363355507 0.00176398103524226 0.00151448160657765 0.0012937865211358 0.00109973936028218 0.000930133836038858 0.000782761839422791 0.000655454236100961 0.000546114404317095 0.000452744743036617 0.000373466566127455 0.000306533940665846 0.000250342125799328 0.00020343132639816 0.000164486497622189 0.000132333927973631 0.000105935295245095 8.43798378906752e-05 6.68752193701764e-05 5.27375900789986e-05 4.13812750696575e-05 0 
0 4.31614477528721e-05 6.39758737273619e-05 8.29432151009246e-05 0.000104963684739368 0.000131757140784398 0.000164482633072562 0.000204298206571033 0.000252486987868334 0.000310490721896479 0.000379921870835792 0.000462568583228064 0.00056039486090168 0.000675535708687283 0.000810286517309445 0.000967085846834601 0.00114849082045354 0.00135714442171965 0.00159573400188371 0.00186693976772429 0.00217336864622452 0.00251745178533485 0.00290120088254788 0.00332532041325779 0.00378526994150388 0.00425278135999109 0.00480700008469228 0.00540634469039139 0.00605009035432471 0.00673672031623134 0.00746386373088631 0.00822824877519861 0.00902567421354283 0.00985100230175354 0.0106981754317494 0.0115602582912731 0.0124295065513209 0.0132974622204735 0.0141550748513636 0.0149928467875796 0.0158009996422811 0.0165696582487968 0.0172890474654192 0.0179496964967153 0.0185426448527545 0.0190596437396095 0.0194933465840665 0.0198374825564541 0.0200870073694786 0.0202382262868519 0.0202888851497628 0.0202382262868519 0.0200870073694786 0.0198374825564541 0.0194933465840665 0.0190596437396095 0.0185426448527545 0.0179496964967153 0.0172890474654192 0.0165696582487968 0.0158009996422811 0.0149928467875796 0.0141550748513636 0.0132974622204735 0.0124295065513209 0.0115602582912731 0.0106981754317494 0.00985100230175354 0.00902567421354283 0.00822824877519861 0.00746386373088631 0.00673672031623134 0.00605009035432471 0.00540634469039139 0.00480700008469228 0.00425278135999109 0.00374369543018266 0.00327911381169698 0.00285786032444403 0.00247830090526348 0.00213843276200972 0.00183597046695119 0.00156842700038633 0.00133318818667234 0.00112757939473318 0.00094892378593107 0.000794591769680707 0.000662041660689802 0.000548851814160355 0.000452744743036617 0.000371603893858057 0.000303483876994698 0.00024661501711053 0.00019940311624451 0.000160425311525746 0.00012842286933894 0.000102291694861509 8.10712571227459e-05 6.39325413149247e-05 5.01655474604004e-05 0 
0 5.20334767543937e-05 7.71219962711881e-05 9.99851833475375e-05 0.00012652961952738 0.000158828008377128 0.0001982773461703 0.000246273559117767 0.000304363400766277 0.000374284847663755 0.000457981675232073 0.000557609445652268 0.000675535708687283 0.000814334154878181 0.000976771817134939 0.00116578831703049 0.00138446620368394 0.00163599153550931 0.00192360388045227 0.00225053430680233 0.00261992607267714 0.0030347130278254 0.0034973351743232 0.00400871256165914 0.00456370740908368 0.00512983352059495 0.00579834891112505 0.0065212965043466 0.00729780199711657 0.00812603582732712 0.00900313820975121 0.00992516257240571 0.0108870412577943 0.0118825769634908 0.0129044628193885 0.0139443332420534 0.0149928467875796 0.0160398011708678 0.017074279468533 0.0180848253201127 0.0190596437396095 0.0199868230022666 0.0208545720364638 0.0216514668822638 0.0223666991256628 0.0229903188219042 0.0235134643121482 0.023928571531956 0.0242295559094073 0.0244119607418276 0.024473066994672 0.0244119607418276 0.0242295559094073 0.023928571531956 0.0235134643121482 0.0229903188219042 0.0223666991256628 0.0216514668822638 0.0208545720364638 0.0199868230022666 0.0190596437396095 0.0180848253201127 0.017074279468533 0.0160398011708678 0.0149928467875796 0.0139443332420534 0.0129044628193885 0.0118825769634908 0.0108870412577943 0.0099251625724057 0.00900313820975121 0.00812603582732712 0.00729780199711657 0.0065212965043466 0.00579834891112505 0.00512983352059495 0.00451575867250541 0.00395536627096303 0.00344723757196445 0.00298940151909622 0.00257944228388899 0.00221460311428008 0.00189188409187461 0.00160813191893488 0.00136012037455096 0.00114462057498514 0.000958460628529819 0.00079857467750094 0.000662041660689802 0.000546114404317095 0.000448239857574211 0.000366071432642561 0.000297474493600194 0.000240526070642937 0.000193509863535139 0.000154907549714068 0.000123387336606493 9.7790602700042e-05 7.71173652564189e-05 6.05112008254987e-05 0 
0 6.24172907801992e-05 9.25073442997667e-05 0.000119929644433144 0.000151768450408147 0.000190509303015613 0.000237827632019229 0.00029539774838795 0.000365074929913499 0.000448943837823774 0.000549335989750063 0.000668836939467169 0.000810286517309445 0.000976771817134939 0.001171611845137 0.00139833262660454 0.00166063162914136 0.00196233048590463 0.00230731504334669 0.00269946108392235 0.00314253967622074 0.00364007360515394 0.00419500703233664 0.00480852612206025 0.00547485982231151 0.00615689878345407 0.00695926041529856 0.00782695234708088 0.00875892522779658 0.00975298319111377 0.0108056938823343 0.0119123205699161 0.0130667809796201 0.0142616370213767 0.0154881188862844 0.0167361860827248 0.0179946268775319 0.0192511963437573 0.0204927918354694 0.0217056632667228 0.0228756541284131 0.0239884677999249 0.0250299524702445 0.0259863969409958 0.0268448288007415 0.0275933059849838 0.0282211926053822 0.0287194101647585 0.0290806558737915 0.0292995807348647 0.0293729213242403 0.0292995807348647 0.0290806558737915 0.0287194101647585 0.0282211926053822 0.0275933059849838 0.0268448288007415 0.0259863969409958 0.0250299524702446 0.0239884677999249 0.0228756541284131 0.0217056632667228 0.0204927918354694 0.0192511963437573 0.0179946268775319 0.0167361860827248 0.0154881188862844 0.0142616370213767 0.0130667809796201 0.0119123205699161 0.0108056938823343 0.00975298319111377 0.00875892522779658 0.00782695234708088 0.00695926041529856 0.00615689878345407 0.00541987746103235 0.00474728657061431 0.00413742331557058 0.0035879220061014 0.00309588313069158 0.00265799799650482 0.00227066605903186 0.00193010268570577 0.00163243572053635 0.00137378981156978 0.00115035800949335 0.000958460628529819 0.000794591769680707 0.000655454236100961 0.000537983820081985 0.000439364113717451 0.000357033096766702 0.000288682793658912 0.000232253276563969 0.000185922233256369 0.000148091227443585 0.00011736966519087 9.25573530650097e-05 7.26263995219575e-05 0 
0 7.4501015841362e-05 0.000110410419418806 0.000143137537403948 0.000181136903550139 0.000227374330535683 0.00028384919686883 0.000352559736688419 0.000435720232116386 0.000535818756286746 0.000655638015481472 0.000798263915255521 0.000967085846834601 0.00116578831703049 0.00139833262660454 0.00166892716021362 0.00198198492618737 0.00234206713621773 0.00275381167605201 0.00322184457157224 0.00375066757971701 0.00434448948139061 0.00500684437810737 0.0057392437262715 0.00653525405848551 0.00735274127686637 0.00831094405019946 0.0093471661007495 0.0104601542641044 0.0116472861750791 0.0129044628193885 0.0142260274593225 0.0156047164723286 0.0170316470825485 0.0184963461381299 0.0199868230022666 0.0214896883086343 0.0229903188219042 0.024473066994672 0.0259215120885031 0.0273187480030232 0.02864770131276 0.029891471527931 0.0310336843507278 0.0320588477634335 0.0329527002175556 0.0337025400368168 0.0342975254251637 0.0347289351866878 0.0349903813983537 0.0350779667879692 0.0349903813983537 0.0347289351866878 0.0342975254251637 0.0337025400368168 0.0329527002175556 0.0320588477634335 0.0310336843507278 0.029891471527931 0.02864770131276 0.0273187480030232 0.0259215120885031 0.024473066994672 0.0229903188219042 0.0214896883086343 0.0199868230022666 0.0184963461381298 0.0170316470825485 0.0156047164723285 0.0142260274593225 0.0129044628193885 0.0116472861750791 0.0104601542641044 0.0093471661007495 0.00831094405019946 0.00735274127686637 0.00647256973435797 0.00566934282153116 0.00494102701087421 0.00428479712925198 0.00369719049865879 0.00317425578527458 0.00271169311782265 0.00230498278190273 0.00194950054018672 0.00164061833863717 0.00137378981156978 0.00114462057498514 0.00094892378593107 0.000782761839422791 0.000642475372639455 0.000524700952236827 0.0004263789417586 0.000344753092021139 0.000277363379412472 0.000222033547542641 0.000176854698942343 0.000140166147317554 0.000110534587995419 8.67324840535554e-05 0 
0 8.8481948529862e-05 0.000131123274400313 0.000169987352472883 0.000215113909676167 0.000270024267687272 0.000337092540601065 0.000418691703382345 0.000517451376650234 0.00063632635187511 0.000778621329159607 0.000948001086737032 0.00114849082045354 0.00138446620368394 0.00166063162914136 0.00198198492618737 0.00235376693717874 0.00278139451967186 0.00327037562775949 0.00382620430549056 0.00445422783285913 0.00515944941900003 0.00594608937413021 0.00681605306065388 0.00776222438087526 0.00873705526357298 0.00987566061755982 0.0111069740801283 0.0124295065513209 0.0138401419484851 0.0153340095284532 0.0169043875492079 0.0185426448527546 0.0202382262868519 0.0219786869002806 0.0237497785572129 0.0255355910509495 0.0273187480030232 0.0290806558737915 0.030801802362499 0.0324620984264744 0.0340412561953477 0.0355191932933557 0.0368764526038302 0.0380946253986739 0.0391567650816947 0.0400477786088978 0.0407547829795481 0.0412674150423054 0.0415780842082346 0.0416821594586123 0.0415780842082346 0.0412674150423054 0.0407547829795481 0.0400477786088978 0.0391567650816947 0.0380946253986739 0.0368764526038302 0.0355191932933557 0.0340412561953477 0.0324620984264744 0.030801802362499 0.0290806558737915 0.0273187480030232 0.0255355910509495 0.0237497785572129 0.0219786869002806 0.0202382262868519 0.0185426448527545 0.0169043875492079 0.0153340095284532 0.0138401419484851 0.0124295065513209 0.0111069740801283 0.00987566061755982 0.00873705526357298 0.00769117222230302 0.00673672031623134 0.00587128316191932 0.00509150368574212 0.00439326728500171 0.00377187870106588 0.00322222851806425 0.00273894608673775 0.00231653655617758 0.00194950054018672 0.00163243572053635 0.00136012037455096 0.00112757939473318 0.000930133836038858 0.000763435380746578 0.000623487355792873 0.000506654081395383 0.000409660384318606 0.000329583087826384 0.000263836207776099 0.000210151455096534 0.000166555483061619 0.000131345136118244 0.000103061766732779 0 
0 0.000104564049269023 0.000154947792025903 0.000200870296644901 0.00025419447873327 0.000319080469669691 0.000398333352789855 0.000494757116780876 0.000611459104991644 0.000751930933650567 0.000920077707783899 0.00112023003417398 0.00135714442171965 0.00163599153550931 0.00196233048590463 0.00234206713621773 0.00278139451967186 0.0032867136763338 0.0038645333389092 0.0045213460030454 0.00526347167080113 0.00609682818739392 0.00702642927539223 0.00805465299460614 0.00917369161650541 0.0103302161409709 0.0116764408186366 0.0131322784918457 0.014695968530277 0.0163638266482821 0.0181300939456174 0.0199868230022666 0.021923808809226 0.023928571531956 0.0259863969409958 0.0280804388200555 0.0301918858111784 0.0323001930351232 0.0343833765078659 0.0364183659525075 0.0383814091840614 0.0402485189345476 0.041995950901567 0.0436007000548661 0.045041000921481 0.0462968167732191 0.0473503024205988 0.0481862257083774 0.0487923338133763 0.0491596520385183 0.0492827049206272 0.0491596520385183 0.0487923338133763 0.0481862257083774 0.0473503024205988 0.0462968167732191 0.045041000921481 0.0436007000548661 0.041995950901567 0.0402485189345476 0.0383814091840614 0.0364183659525075 0.0343833765078659 0.0323001930351232 0.0301918858111784 0.0280804388200555 0.0259863969409958 0.023928571531956 0.021923808809226 0.0199868230022666 0.0181300939456174 0.0163638266482821 0.014695968530277 0.0131322784918457 0.0116764408186366 0.0103302161409709 0.00909362125304107 0.00796512953718921 0.00694188399383736 0.00601991540279637 0.00519435888294528 0.00445966301735407 0.00380978671223281 0.00323838000572481 0.00273894608673776 0.00230498278190273 0.00193010268570578 0.00160813191893488 0.00133318818667234 0.00109973936028218 0.000902644226786249 0.000737177338611553 0.000599040066890799 0.000484360025974449 0.000389681011616129 0.000311945497644321 0.000248471583158896 0.00019692609095238 0.000155295303078103 0.000121854594494638 0 
0 0.000122954820843482 0.000182191014632776 0.000236184180425111 0.000298881925665443 0.00037517469554448 0.000468360307628966 0.000581735578378942 0.000718954107187431 0.000884121355068657 0.00108182897714439 0.00131716894213077 0.00159573400188371 0.00192360388045227 0.00230731504334669 0.00275381167605201 0.00327037562775949 0.0038645333389092 0.0045439379285273 0.00531622365405465 0.00618882302347359 0.00716870073817496 0.00826178239010327 0.00947100839812385 0.0107878840399623 0.0121529654082567 0.0137367291665506 0.0154494469491318 0.0172890474654192 0.0192511963437573 0.0213291185356384 0.0235134643121482 0.0257922280076045 0.0281507277416488 0.0305716529837747 0.0330351850311556 0.0355191932933557 0.0379995077817388 0.040450265475267 0.0428443253854764 0.0451537442942802 0.0473503024205988 0.0494060658198022 0.051293970262733 0.0529884097953222 0.0544658122423807 0.0557051836607504 0.0566886042070096 0.0574016590679336 0.0578337899762375 0.0579785553324748 0.0578337899762375 0.0574016590679336 0.0566886042070096 0.0557051836607504 0.0544658122423807 0.0529884097953222 0.051293970262733 0.0494060658198022 0.0473503024205988 0.0451537442942802 0.0428443253854764 0.040450265475267 0.0379995077817388 0.0355191932933557 0.0330351850311556 0.0305716529837747 0.0281507277416488 0.0257922280076045 0.0235134643121482 0.0213291185356384 0.0192511963437573 0.0172890474654192 0.0154494469491318 0.0137367291665506 0.0121529654082567 0.0106981754317494 0.00937056325025223 0.00816676775141583 0.00708211935282315 0.00611089477325999 0.005246563057614 0.00448201717125445 0.00380978671223281 0.00322222851806426 0.00271169311782265 0.00227066605903186 0.00189188409187461 0.00156842700038633 0.00129378652113581 0.0010619142827601 0.000867251040408043 0.000704739679377071 0.000569824538081404 0.000458439570847179 0.000366987756151301 0.000292313976189566 0.000231673368559601 0.000182696898169214 0.000143355632788464 0 
0 0.000143861783637182 0.000213159614627296 0.000276325920353853 0.000349678196386541 0.000438936897393354 0.000547959814147947 0.000680603902811109 0.000841143673741557 0.00103438234627409 0.00126569198674707 0.00154103001830589 0.00186693976772429 0.00225053430680233 0.00269946108392235 0.00322184457157224 0.00382620430549056 0.0045213460030454 0.00531622365405466 0.00621976945049427 0.00724068078150446 0.00838711350778448 0.00966603506478434 0.0110810496114386 0.0126229965616019 0.0142260274593225 0.0160799508399701 0.0180848253201127 0.0202382262868519 0.0225350800081298 0.024967455742529 0.0275244088772899 0.0301918858111784 0.0329527002175556 0.0357865887225002 0.0386703519338356 0.0415780842082346 0.044481492622079 0.0473503024205988 0.0501527428849454 0.0528561042217101 0.055427352898167 0.0578337899762375 0.0600437345900404 0.0620272129024528 0.0637566317787746 0.0652074161131107 0.0663585892815655 0.0671932775811485 0.0676991217073382 0.0678685812477719 0.0676991217073382 0.0671932775811485 0.0663585892815655 0.0652074161131107 0.0637566317787746 0.0620272129024528 0.0600437345900404 0.0578337899762375 0.055427352898167 0.0528561042217101 0.0501527428849454 0.0473503024205988 0.044481492622079 0.0415780842082346 0.0386703519338356 0.0357865887225002 0.0329527002175555 0.0301918858111784 0.0275244088772899 0.0249674557425289 0.0225350800081299 0.0202382262868519 0.0180848253201127 0.0160799508399701 0.0142260274593225 0.0125230783059184 0.0109690010321957 0.00955986118471279 0.00829019264014455 0.00715329583562904 0.00614152576078056 0.005246563057614 0.00445966301735406 0.00377187870106588 0.00317425578527458 0.00265799799650482 0.00221460311428009 0.00183597046695119 0.00151448160657765 0.00124305642602491 0.00101518738024126 0.000824954708064988 0.000667025639703898 0.000536640540331093 0.000429588805765591 0.000342177115816625 0.00027119238737267 0.000213861473539823 0.000167809345290465 0 
0 0.000167490014118098 0.000248154163147794 0.000321682288920013 0.000407071283843264 0.000510979158377733 0.000637895970208918 0.000792311334297616 0.000979201235723306 0.00120415726763754 0.0014734332874304 0.00179396461180619 0.00217336864622452 0.00261992607267714 0.00314253967622074 0.00375066757971701 0.00445422783285913 0.00526347167080113 0.00618882302347359 0.00724068078150446 0.00842917198189171 0.00976380004959393 0.0112527163900257 0.0129003041589728 0.0146967799027349 0.0165696582487968 0.0187290015317071 0.021064163969899 0.0235723215137758 0.0262475645721683 0.0290806558737915 0.0320588477634335 0.0351657714149914 0.0383814091840614 0.0416821594586123 0.045041000921481 0.0484277601698763 0.0518094832342838 0.0551509078222928 0.0584150292286094 0.0615637489679241 0.0645585914819981 0.0673614709291857 0.0699354872597592 0.0722457286728698 0.0742600562728697 0.0759498463904126 0.0772906666609359 0.0782628635660738 0.0788520416990481 0.0790494184213982 0.0788520416990481 0.0782628635660738 0.0772906666609359 0.0759498463904126 0.0742600562728697 0.0722457286728698 0.0699354872597592 0.0673614709291857 0.0645585914819981 0.0615637489679241 0.0584150292286094 0.0551509078222928 0.0518094832342838 0.0484277601698763 0.045041000921481 0.0416821594586123 0.0383814091840614 0.0351657714149914 0.0320588477634335 0.0290806558737915 0.0262475645721683 0.0235723215137758 0.021064163969899 0.0187290015317071 0.0165696582487968 0.014586161059039 0.0127760612689579 0.0111347762535651 0.00965593938692061 0.00833174740368172 0.00715329583562904 0.00611089477325998 0.00519435888294527 0.00439326728500172 0.00369719049865879 0.00309588313069158 0.00257944228388899 0.00213843276200972 0.00176398103524226 0.00144784060217078 0.00118243184874959 0.000960859777788158 0.000776913085868954 0.000625048024205021 0.000500360323315699 0.00039854821634869 0.00031586928896976 0.000249093539237956 0.000195454669996102 0 
