T:0.0001 dt0.0001 h-step-xy:0.1
0 0 0 0 0 0 0 0 0 0 0 
0 0.071478690464524 0.135960548685059 0.187133641107453 0.219988788901503 0.231309901285851 0.219988788901489 0.187133641107425 0.13596054868502 0.071478690464479 0 
0 0.135960548685059 0.258612331571978 0.355949337586562 0.418443542393305 0.439977577802992 0.418443542393276 0.355949337586509 0.258612331571904 0.135960548684973 0 
0 0.187133641107453 0.355949337586562 0.489922232857829 0.575938126488051 0.60557718350073 0.575938126488012 0.489922232857755 0.355949337586461 0.187133641107335 0 
0 0.219988788901503 0.418443542393305 0.575938126488051 0.677055873965254 0.711898675173071 0.677055873965208 0.575938126487964 0.418443542393185 0.219988788901365 0 
0 0.231309901285851 0.439977577802992 0.60557718350073 0.711898675173071 0.748534564429733 0.711898675173023 0.605577183500639 0.439977577802867 0.231309901285705 0 
0 0.219988788901489 0.418443542393276 0.575938126488012 0.677055873965208 0.711898675173023 0.677055873965163 0.575938126487925 0.418443542393157 0.21998878890135 0 
0 0.187133641107425 0.355949337586509 0.489922232857755 0.575938126487964 0.605577183500639 0.575938126487925 0.489922232857681 0.355949337586407 0.187133641107307 0 
0 0.13596054868502 0.258612331571904 0.355949337586461 0.418443542393185 0.439977577802867 0.418443542393157 0.355949337586407 0.25861233157183 0.135960548684934 0 
0 0.071478690464479 0.135960548684973 0.187133641107335 0.219988788901365 0.231309901285705 0.21998878890135 0.187133641107307 0.135960548684934 0.0714786904644339 0 
0 0 0 0 0 0 0 0 0 0 0 
