T:0.02 dt0.01 h-step-xy:0.1
0 0 0 0 0 0 0 0 0 0 0 
0 0.0500873236634343 0.0952717511077866 0.131130315756385 0.154152931460115 0.162085984185897 0.154152931460106 0.13113031575637 0.0952717511077684 0.0500873236634208 0 
0 0.0952717511077866 0.18121763941982 0.249424682567901 0.293216299942283 0.30830586292022 0.293216299942266 0.249424682567871 0.181217639419785 0.095271751107761 0 
0 0.131130315756385 0.249424682567901 0.343303623605717 0.403577614028006 0.42434661569865 0.403577614027983 0.343303623605676 0.249424682567854 0.13113031575635 0 
0 0.154152931460115 0.293216299942283 0.403577614028006 0.474433939362084 0.498849365135767 0.474433939362056 0.403577614027958 0.293216299942227 0.154152931460073 0 
0 0.162085984185897 0.30830586292022 0.42434661569865 0.498849365135768 0.524521263025489 0.498849365135739 0.424346615698599 0.308305862920161 0.162085984185854 0 
0 0.154152931460106 0.293216299942266 0.403577614027983 0.474433939362056 0.498849365135739 0.474433939362029 0.403577614027934 0.29321629994221 0.154152931460064 0 
0 0.13113031575637 0.249424682567871 0.343303623605676 0.403577614027958 0.424346615698599 0.403577614027934 0.343303623605635 0.249424682567824 0.131130315756335 0 
0 0.0952717511077684 0.181217639419785 0.249424682567854 0.293216299942227 0.308305862920161 0.29321629994221 0.249424682567824 0.181217639419751 0.0952717511077429 0 
0 0.0500873236634208 0.095271751107761 0.13113031575635 0.154152931460073 0.162085984185854 0.154152931460064 0.131130315756335 0.0952717511077429 0.0500873236634074 0 
0 0 0 0 0 0 0 0 0 0 0 
