T:20 dt0.0033333333 h-step-xy:0.1
0 0 0 0 0 0 0 0 0 0 0 
0 8.90230427375302e-167 1.693318897919e-166 2.33065351668789e-166 2.73984753062546e-166 2.88084617862517e-166 2.73984753062546e-166 2.33065351668789e-166 1.693318897919e-166 8.90230427375302e-167 0 
0 1.693318897919e-166 3.22088394406319e-166 4.43316642854446e-166 5.21149969531305e-166 5.47969506125091e-166 5.21149969531305e-166 4.43316642854446e-166 3.22088394406319e-166 1.693318897919e-166 0 
0 2.33065351668789e-166 4.43316642854446e-166 6.10173012268835e-166 7.17301395916992e-166 7.54215321200094e-166 7.17301395916992e-166 6.10173012268835e-166 4.43316642854446e-166 2.33065351668789e-166 0 
0 2.73984753062546e-166 5.21149969531305e-166 7.17301395916992e-166 8.43238363937624e-166 8.86633285708891e-166 8.43238363937624e-166 7.17301395916992e-166 5.21149969531305e-166 2.73984753062546e-166 0 
0 2.88084617862517e-166 5.47969506125091e-166 7.54215321200094e-166 8.86633285708891e-166 9.32261406675154e-166 8.86633285708891e-166 7.54215321200094e-166 5.47969506125091e-166 2.88084617862517e-166 0 
0 2.73984753062546e-166 5.21149969531305e-166 7.17301395916992e-166 8.43238363937624e-166 8.86633285708891e-166 8.43238363937624e-166 7.17301395916992e-166 5.21149969531305e-166 2.73984753062546e-166 0 
0 2.33065351668789e-166 4.43316642854446e-166 6.10173012268835e-166 7.17301395916992e-166 7.54215321200094e-166 7.17301395916992e-166 6.10173012268835e-166 4.43316642854446e-166 2.33065351668789e-166 0 
0 1.693318897919e-166 3.22088394406319e-166 4.43316642854446e-166 5.21149969531305e-166 5.47969506125091e-166 5.21149969531305e-166 4.43316642854446e-166 3.22088394406319e-166 1.693318897919e-166 0 
0 8.90230427375302e-167 1.693318897919e-166 2.33065351668789e-166 2.73984753062546e-166 2.88084617862517e-166 2.73984753062546e-166 2.33065351668789e-166 1.693318897919e-166 8.90230427375302e-167 0 
0 0 0 0 0 0 0 0 0 0 0 
