T:20 dt0.0033333333 h-step-xy:0.1
0 0 0 0 0 0 0 0 0 0 0 
0 0.00105824136380799 0.00332644931693764 0.0050534602493141 0.0106981754317494 0.0137367291665506 0.0106981754317494 0.00505346024931409 0.00144784060217078 0.000251596970926883 0 
0 0.00332644931693764 0.0128299217989291 0.0290806558737915 0.0615637489679241 0.0790494184213982 0.0615637489679241 0.0290806558737915 0.00833174740368172 0.00144784060217078 0 
0 0.0050534602493141 0.0290806558737915 0.113843193305639 0.217118327054756 0.275909580878582 0.214878597645143 0.101501462427459 0.0290806558737915 0.0050534602493141 0 
0 0.0106981754317494 0.0615637489679241 0.217118327054756 0.423875973295721 0.584100587303554 0.454897994784475 0.214878597645142 0.0615637489679241 0.0106981754317494 0 
0 0.0137367291665506 0.0790494184213982 0.275909580878582 0.584100587303554 0.631096727834449 0.499737960117018 0.261795437479901 0.0790494184213982 0.0137367291665506 0 
0 0.0106981754317494 0.0615637489679241 0.214878597645143 0.454897994784475 0.499737960117018 0.398073798809638 0.211173343540004 0.061563748967924 0.0106981754317494 0 
0 0.00505346024931409 0.0290806558737915 0.101501462427459 0.214878597645142 0.261795437479901 0.211173343540004 0.112144626587138 0.0290806558737915 0.00505346024931409 0 
0 0.00144784060217078 0.00833174740368172 0.0290806558737915 0.0615637489679241 0.0790494184213982 0.061563748967924 0.0290806558737915 0.0128299217989291 0.00332644931693764 0 
0 0.000251596970926883 0.00144784060217078 0.0050534602493141 0.0106981754317494 0.0137367291665506 0.0106981754317494 0.00505346024931409 0.00332644931693764 0.00105824136380799 0 
0 0 0 0 0 0 0 0 0 0 0 
